955.966
2220.545
7966.561
7764.956
7525.822
1340.878
8694.511
4260.732
6246.789
4933.575
2860.327
6820.705
9131.274
5046.945
1705.99
6721.471
4983.343
9256.616
7399.568
7161.721
9332.871
2053.672
7190.519
9180.301
8895.322
6882.655
4380.238
2751.314
8265.931
6783.671
2767.939
9763.374
7175.061
6861.117
372.209
9547.616
5825.987
9872.474
4160.318
9522.946
3647.288
2990.262
60.031
6734.29
9202.268
881.317
1314.555
6850.428
2204.568
7454.732
7547.643
1521.801
1901.968
3579.512
8453.654
7211.009
5294.289
3722.877
180.975
7292.718
7338.073
6258.363
5761.747
6500.146
5402.386
7779.013
4608.718
736.297
2771.203
4446.484
1237.931
3273.819
1206.02
2048.504
9910.719
9427.681
5936.051
3051.516
9657.883
2366.894
7009.755
8372.82
3572.571
7206.862
3898.487
1225.0
7179.031
7134.149
9962.575
1626.514
9205.524
9586.223
5062.136
5159.917
8082.191
3472.943
5491.376
8407.8
7711.135
6298.769
8973.978
9499.214
2573.717
4801.408
2063.892
6918.445
1892.561
209.47
6556.711
1264.829
2929.487
8073.851
6781.839
6914.826
895.496
869.493
7047.635
3044.555
4392.452
5318.467
8316.81
2883.853
6635.523
8235.743
8683.512
7815.163
7118.654
9035.256
9553.124
5434.505
6081.418
6138.503
5775.342
2232.797
1933.893
4572.841
3908.332
2715.781
9592.178
4824.791
9548.852
8316.813
9690.152
6075.395
2116.397
604.947
4776.401
1207.459
842.894
4256.083
7157.45
2785.309
5596.925
9188.185
2996.692
9160.4
1679.828
165.195
3782.238
425.911
4608.467
2075.021
3129.836
2818.054
4683.643
1338.998
7076.188
3374.089
9389.613
159.735
4811.393
7186.32
4506.513
568.43
8464.684
3118.107
8197.907
777.036
6653.864
2903.208
5764.507
1840.553
9461.814
3792.27
3887.657
2568.305
5756.115
8243.468
8707.127
8972.296
9278.821
9847.907
8863.091
701.851
7894.258
8623.062
5859.217
1836.473
1051.697
6225.257
1640.303
6412.065
548.274
1698.062
4707.342
8542.16
787.586
3228.655
5975.156
2752.649
708.712
886.863
1831.121
7169.383
8427.564
6919.904
9687.865
9417.866
8330.563
2903.6
2968.63
2484.067
2084.564
8792.01
8551.871
3568.709
7114.411
4066.647
4405.895
2311.142
7102.418
5512.514
9474.613
2565.976
209.064
9272.811
5357.109
4911.773
1692.296
3935.349
7934.26
4026.258
4545.261
3229.639
9545.545
4105.095
6946.221
7542.552
1260.818
8582.108
6485.073
5532.634
2444.802
7508.389
8451.575
280.003
3665.388
3862.453
465.756
9964.151
2922.089
8945.497
4689.058
2837.919
2088.422
3234.289
8686.69
8269.472
5199.326
2596.809
2159.601
5653.924
8590.175
2598.066
6969.866
6645.194
8668.484
2260.639
2324.609
4296.406
773.689
3589.418
8029.626
5470.361
9995.217
9529.653
4935.837
7466.028
4149.735
447.446
7176.731
8423.522
6727.237
3072.548
5675.152
229.566
1973.611
7550.257
881.961
9913.823
6816.647
3829.523
9137.346
966.417
3394.145
3078.778
8579.422
1449.283
4808.834
8741.841
3377.847
2058.454
7972.407
8755.981
7651.508
1293.431
1216.642
650.309
4254.121
9213.888
6850.048
5571.053
1946.418
1748.401
3914.623
3020.651
8263.314
5599.354
8348.591
9178.795
6580.552
1291.244
2604.131
5195.226
4549.194
265.87
2133.024
2068.878
402.517
8420.691
4152.709
1036.424
7923.744
9493.379
6884.887
2274.559
8780.297
9906.284
9799.12
8189.393
500.462
4577.532
6818.352
4595.932
7612.637
7241.839
7160.946
7277.029
1306.329
831.479
6800.697
5187.157
9838.841
8840.516
4677.374
201.037
7671.092
8996.869
7910.215
5774.241
2694.426
6383.984
8097.146
3658.861
4431.913
1985.149
7155.011
854.933
7133.727
6580.662
5707.679
8732.566
1431.615
5183.178
5999.714
4545.645
696.168
4961.4
2666.901
9561.258
9370.641
9497.119
6591.961
1624.87
220.535
1708.621
5535.631
1268.041
8274.849
8771.427
9148.0
267.218
5110.95
7810.541
5737.756
4664.619
6691.526
7647.829
7841.547
9573.659
381.089
7960.952
5928.182
8123.17
8780.954
3532.01
4327.415
5045.697
1763.538
4953.736
9697.827
5597.613
5675.252
7672.325
8161.535
6744.179
8832.603
4304.984
6020.348
1992.037
3650.008
822.958
6146.136
6089.399
1547.835
7127.4
7801.779
18.91
2088.013
1678.791
6989.104
9462.79
221.124
352.017
6730.611
2326.607
8490.484
6034.93
3273.697
5450.428
4652.994
7915.469
7055.666
9047.42
5973.194
1010.692
6994.129
5119.127
7390.621
1019.29
8171.055
4656.079
1457.081
6756.603
6964.208
7007.132
7995.703
1480.968
5915.737
9288.092
8387.119
4572.548
8676.015
3074.033
964.262
3653.587
9495.656
8978.494
5214.851
9086.179
1326.313
6804.867
6069.334
7597.78
4308.299
9121.578
9299.458
4193.833
8577.702
6182.686
7500.032
1540.686
5761.04
722.749
9038.774
2192.106
1535.582
1620.321
9137.518
2782.173
980.889
3494.399
9126.933
1717.485
6545.002
7307.677
1706.51
1299.804
2164.259
6022.921
899.318
5465.744
2910.022
5725.968
7744.344
5812.903
7202.097
2174.809
2022.094
4491.037
9178.569
8672.153
5430.988
4699.613
6626.411
921.818
3966.207
8771.573
1268.382
1477.336
1621.685
9187.3
7104.046
8335.183
9338.289
4705.072
911.848
6798.47
1487.682
6766.832
2734.027
5162.103
8742.072
4259.985
4408.327
6647.425
8578.924
9675.536
8337.004
491.355
5820.332
7980.738
5220.654
8222.247
2638.186
2966.702
488.341
309.777
5440.944
2377.028
4489.698
7881.435
2679.125
1530.186
2497.254
5761.025
673.264
1751.852
1377.552
8045.782
3252.032
6156.258
8550.985
3295.328
3318.655
3845.803
9919.875
8090.251
3133.635
5349.266
7691.477
7171.234
1887.924
3382.251
1226.499
1756.491
8436.027
2027.63
9355.494
5622.43
9488.234
7860.4
6286.738
3405.575
9997.85
6897.742
8502.128
4119.449
5683.782
6401.862
9727.389
8660.985
8044.575
7627.007
3115.391
16.587
405.212
9829.586
7453.027
1052.733
505.888
4475.352
2905.651
1749.666
9940.477
4990.421
6380.944
8479.743
5141.621
9279.94
1073.287
2005.421
945.812
9140.085
4209.35
3599.635
642.16
6042.677
448.453
4073.209
2236.464
1905.191
692.158
4864.06
7217.342
7517.36
6513.621
4555.906
566.937
3763.419
9372.307
6409.144
1245.607
1359.641
2019.944
3259.209
9286.271
4125.3
8394.818
868.935
2900.635
42.125
2387.68
8344.364
5159.183
3310.915
5894.543
302.274
8047.797
118.814
3110.583
9325.397
3460.403
7482.666
7395.207
5317.029
244.626
977.845
795.279
9371.928
5479.039
1370.38
4915.766
8685.983
6163.725
8274.169
6547.811
5288.448
4134.388
7447.83
8959.547
6007.934
297.666
4370.78
9399.413
5918.978
9790.528
9101.149
5561.608
4204.774
1402.664
1122.825
3564.853
6578.229
9001.273
4809.375
2741.349
1097.328
790.019
2856.78
2374.006
7734.715
5437.501
7023.098
8313.938
6694.793
8682.477
391.994
3199.337
9418.169
3390.14
6799.903
6683.799
770.951
3634.837
1350.158
57.505
9847.314
4276.763
3203.727
6647.406
4430.572
9918.173
5150.087
4056.427
2960.291
9086.999
7782.233
5229.152
1045.385
8360.405
8541.314
7443.356
2825.277
2628.433
8288.782
4571.993
9587.797
706.561
297.447
122.717
9705.218
9876.177
5104.247
9252.508
4760.56
5306.104
2300.506
2204.27
9586.564
6559.13
6994.076
7078.586
7804.769
4286.234
1227.738
7266.857
7434.027
2404.996
7302.907
1649.379
9512.136
8906.367
5064.013
6569.198
4011.121
1634.605
85.948
1383.393
755.098
8596.258
4589.37
8627.181
549.436
4083.239
773.771
3912.264
9529.095
1290.547
4839.477
7335.149
8367.724
9607.225
4558.883
5303.058
4662.117
4567.557
1547.638
4120.036
2835.787
2850.36
7910.351
4153.154
3898.015
9903.759
5340.223
7934.173
2848.502
5999.722
6710.678
5406.532
985.42
3529.276
2240.528
2432.553
9896.289
6673.352
5032.811
334.074
5737.811
8736.727
303.163
2645.376
7287.964
2419.051
3523.296
5562.295
9964.769
7656.728
6348.188
6908.774
6958.893
4686.144
493.237
262.691
6827.872
9061.883
9798.652
537.341
8579.959
165.025
8631.415
4916.737
999.536
8978.381
9134.706
2387.049
1197.831
29.417
243.676
2373.746
9778.667
6786.522
1254.387
3842.637
4291.308
9505.51
3442.224
3087.857
2459.112
2660.496
8674.222
5335.577
5997.499
9343.029
4742.114
6928.844
762.71
529.086
1208.921
3441.087
2407.299
3729.945
6052.087
7706.578
3245.972
1406.965
7293.957
4616.732
9101.881
2727.382
4373.8
6465.76
3536.864
6733.554
3183.339
4865.159
5652.034
5041.711
8100.482
3249.048
5953.554
4238.456
8552.723
3395.704
792.702
4475.613
7218.468
2545.75
4154.029
3058.467
8398.159
3015.837
2545.582
8667.948
8988.137
2505.163
404.364
8590.472
8007.358
2389.738
4597.568
80.043
7610.137
9379.162
8664.883
9012.78
7131.588
6485.937
3976.041
7445.585
3331.981
1961.191
5167.321
6782.037
6130.664
9761.541
1902.238
9669.278
850.046
8604.18
730.71
6416.356
4870.073
8516.556
453.15
6257.512
1579.515
1668.689
2120.054
8477.459
2958.902
8982.11
2011.808
5036.474
7178.205
2880.031
8419.951
8876.853
2859.679
4870.243
7535.514
6184.423
7633.479
154.236
6985.644
6067.857
8190.836
7168.804
4258.665
4938.024
9682.213
6097.441
1129.317
7170.514
6498.359
3583.356
9399.47
884.442
3016.036
3572.468
9749.934
136.856
4093.526
1797.848
7393.784
1621.237
8493.965
3808.538
6061.99
1218.13
3183.325
7023.666
1504.084
4627.791
5807.394
7806.076
3170.645
888.211
1020.787
125.947
5537.844
6651.015
2061.343
731.411
8705.407
18.386
6153.701
1535.055
3308.444
7015.532
9037.255
2008.144
4778.546
9642.961
8288.128
4311.615
226.688
7081.446
4688.836
272.6
5909.61
878.375
6703.567
8594.801
8550.108
7223.964
6227.854
6839.306
1071.527
8990.278
5877.476
410.388
7262.591
423.609
9791.796
692.529
2377.832
2001.615
7408.053
9593.175
6749.671
8431.94
8712.857
7739.001
6126.96
452.374
5227.63
5931.759
4712.616
7893.357
209.556
7689.614
3267.907
1268.352
5547.813
6053.134
5239.919
6269.839
4746.042
3834.873
6781.352
1358.753
8125.628
4729.619
5120.089
6029.089
9394.327
5161.304
5143.71
4962.497
1672.431
4730.228
131.925
8326.509
4449.632
535.076
7195.736
3276.095
8730.183
2470.956
1472.455
9647.306
9326.523
1901.473
786.091
3528.046
2110.006
1248.323
5036.065
7385.102
9118.51
934.623
9261.233
4813.701
9299.524
686.572
4138.482
3387.203
8925.477
1814.19
5482.597
1701.942
7788.298
1056.585
5966.543
1566.157
9283.081
5825.068
3288.282
1496.777
6384.392
4785.054
8857.086
4511.784
2401.87
3158.699
4276.809
2613.209
2950.588
1053.147
5478.103
1238.922
9906.976
3122.357
8031.28
6215.79
5891.622
2744.914
1592.807
5106.708
7749.26
3820.133
2558.913
3873.845
4305.28
7024.011
7081.466
9324.536
6133.498
2729.691
5114.416
683.29
8469.172
4363.749
3810.06
2921.328
6968.36
2748.366
1386.032
3347.208
782.647
8864.114
6739.978
6693.964
4872.658
7455.458
5139.082
9655.658
7680.034
7752.002
4442.994
9054.821
5393.542
162.704
356.313
1176.668
5946.575
1172.105
8650.474
2366.947
9720.275
1803.951
8033.228
8686.476
1730.139
8441.493
4242.2
6907.859
8261.521
7909.555
3605.715
2344.629
906.416
3288.385
2410.039
7340.605
5103.494
8919.462
6130.724
6627.606
850.575
1585.26
5045.084
9164.252
7884.959
427.029
3571.428
5112.344
6296.55
2626.731
5128.534
5655.321
416.147
4885.59
8039.08
1642.288
5936.292
9188.428
6936.961
3215.333
3328.219
5731.605
2057.79
9134.879
1773.315
1173.001
287.74
9218.688
1168.656
9466.97
3008.663
7129.761
5456.79
2778.016
235.699
3579.032
8004.323
390.957
9883.997
3489.195
7372.595
8584.034
8829.001
9065.028
4938.076
6155.55
7701.221
1491.153
5526.386
6760.533
8044.326
5824.289
7172.22
8316.957
1506.48
8754.403
2693.96
153.862
3711.877
2060.996
1161.624
7040.528
6882.976
5827.209
6009.492
45.251
2965.0
1712.888
7607.163
4510.445
9193.345
7386.169
2843.64
3374.46
3816.604
9527.677
6364.683
5363.325
5583.409
2710.308
2684.881
1353.08
3075.123
2430.864
4800.568
7150.284
1726.271
1129.652
2411.97
770.675
1990.903
8729.876
7214.383
1002.828
7266.564
9732.194
8527.367
2996.883
303.253
8560.404
832.415
4868.451
1736.854
7748.963
508.292
1220.97
5362.597
9529.939
772.978
2931.112
1402.547
6732.472
3178.081
2271.818
2998.776
8870.92
2288.029
8970.297
9288.282
312.692
80.353
4705.911
5648.751
7731.146
2751.069
1098.12
2359.727
6538.127
9399.374
9522.744
5029.006
8957.846
5411.644
5958.885
9092.23
327.4
3360.23
8398.823
5665.005
4257.232
268.791
1114.879
659.205
8886.388
7162.595
2119.901
4854.664
3851.223
1659.902
8933.615
9284.192
94.497
5443.492
575.519
8703.889
7643.15
4110.625
7487.724
8105.64
5153.817
9865.221
9785.671
2702.26
8898.046
1289.247
7399.577
3448.746
1332.314
2501.553
3839.683
3231.121
2540.964
1159.855
8972.937
2803.118
1254.326
7961.957
1341.045
8312.341
5179.786
2432.04
5801.349
1322.466
5005.551
9497.709
8457.243
1010.248
7459.354
2752.331
1810.031
9440.159
309.421
6447.389
7427.804
2985.692
2797.581
3579.561
179.086
6431.073
8133.562
6277.24
1424.595
4432.52
1273.33
6798.386
1417.684
9446.63
1831.588
5641.141
7071.503
2651.184
1554.425
3507.844
7355.541
9241.643
9117.493
6587.307
5299.554
7145.417
7130.0
2815.454
3855.642
2443.481
5558.082
8762.594
8468.512
5080.213
1492.046
8744.871
5018.014
4157.26
7597.822
1675.506
4443.082
7245.415
9971.172
6823.106
9211.414
6264.686
4415.612
6248.467
3289.419
2025.019
5833.673
3798.773
2914.868
5313.675
7845.815
1775.033
1285.928
1438.568
1620.149
8482.311
5400.998
4572.909
551.565
469.329
2880.715
8454.574
4996.679
4676.263
4188.083
1010.588
3063.16
570.38
625.893
4358.575
3278.216
7958.991
8144.136
5082.938
981.206
4957.11
6001.529
9761.339
6524.03
2088.279
1190.226
9479.504
9940.426
7827.241
3869.701
8516.578
8488.019
6292.849
1578.549
5613.44
5435.19
8355.562
6858.135
5090.347
3103.944
8832.325
9610.668
5509.45
7671.917
8450.852
3610.406
5587.741
8162.479
9387.645
3277.912
8533.551
9105.439
7423.404
1617.102
1281.732
2386.286
4149.108
1239.436
3632.531
9269.313
9275.609
4363.474
5494.84
3080.2
398.487
4544.741
4883.534
4895.646
7441.426
2200.82
1651.396
4989.18
3207.304
7547.283
7096.159
3367.086
6483.127
1167.137
8211.874
4616.2
5012.622
4016.758
8859.72
6019.382
5649.581
508.385
72.642
9123.78
3866.535
2642.564
9471.318
8143.104
4419.95
4942.321
4393.333
1828.432
7672.955
296.391
4114.37
6595.067
1040.944
3476.935
8880.372
7523.381
4777.461
3299.415
7294.365
5636.2
3238.26
4197.981
9922.075
3912.108
4831.057
9299.515
5796.305
6410.509
361.361
4901.802
1743.949
649.078
4800.874
7980.877
9231.155
4167.576
5445.321
1382.229
8993.072
4472.288
6941.441
5396.166
614.886
5620.303
9221.341
530.392
4282.297
5305.563
1744.051
2100.481
519.185
7166.789
443.925
2144.337
3759.309
9611.624
6234.168
9306.544
129.033
965.095
7260.276
995.112
4060.414
273.993
5375.328
1211.287
9120.449
7472.916
2609.563
1704.102
1787.615
2125.418
5548.416
672.402
2556.636
3879.154
9550.452
4662.679
4904.476
6392.932
7498.358
6144.807
6532.587
4936.633
1258.306
3728.171
5444.215
5498.603
6027.084
1863.398
9064.544
7079.794
6354.48
7005.716
7737.558
5411.63
60.246
8129.914
56.368
2621.853
222.818
3500.838
2008.425
6033.749
7891.993
4236.361
6322.535
3028.583
1418.128
8339.761
498.72
8849.667
3645.631
2039.278
3908.31
3858.019
5247.931
732.503
925.129
5976.6
570.336
4542.917
401.182
2661.028
4294.057
5747.895
9121.163
279.027
4667.313
7328.622
2590.35
2412.213
5998.003
4105.722
4978.748
1150.687
4174.442
6270.912
2983.073
2783.187
4500.425
1537.249
4029.207
1674.982
6575.514
224.648
1030.714
3383.285
871.839
660.132
8985.771
7683.477
5784.996
4589.375
5963.968
5191.348
6335.145
3402.875
7784.154
5782.969
9189.827
5842.85
175.175
4666.058
3221.588
3115.421
4759.976
5696.951
7206.6
376.123
1395.098
298.265
42.165
9775.92
8946.381
5125.19
5429.183
5971.257
281.456
284.49
966.147
2187.326
7571.227
1746.206
945.225
3801.197
9473.741
670.623
5036.14
6724.509
316.554
3928.585
2688.699
6248.377
3722.785
9552.399
3351.716
5798.251
3011.117
4429.005
6955.212
6213.6
7863.735
491.901
3085.171
5344.708
4481.854
4996.645
7254.046
1011.402
167.247
3073.039
4525.904
8015.356
2039.114
5595.422
3253.075
7979.718
8390.057
5632.457
2582.653
1543.198
8894.095
8850.808
1488.032
7858.09
359.335
1854.138
4634.288
9385.427
4373.377
8519.804
5135.56
4428.865
5927.635
1693.027
3970.366
8721.909
8485.297
6703.686
4275.597
921.083
9592.504
1691.118
7184.135
7213.868
4962.39
179.599
8536.624
4389.746
8372.173
577.762
5636.731
783.721
9605.232
3690.765
1727.917
5836.71
8406.135
3731.275
1943.626
3819.294
9507.255
5714.285
4165.304
3281.722
7232.896
2029.239
8721.422
7049.521
3030.281
2938.478
2916.876
5581.056
4986.379
4662.995
7111.599
9231.703
1019.989
8238.462
9571.903
9108.593
489.772
5152.132
1198.911
8641.621
6767.687
7250.405
3976.497
767.965
426.769
1096.661
5984.415
332.818
4776.193
2953.474
9511.477
6257.2
6822.299
889.171
1326.093
5643.613
512.119
3698.325
4934.039
4966.186
6536.014
5450.297
4102.472
7089.677
7335.451
799.937
9301.365
7958.695
7469.367
4388.224
5333.303
4544.826
7482.932
8447.183
4992.448
2615.283
8235.537
8972.76
3459.982
4108.568
4498.397
8589.507
8612.349
3947.857
7157.082
1308.715
230.901
3645.165
7857.232
8754.819
9777.085
6027.932
1246.798
8816.905
4902.556
439.398
2808.42
3717.492
8234.195
1338.016
371.783
3501.138
5942.118
8809.201
8476.512
8411.075
9505.711
3460.088
4285.864
8033.434
7958.223
5416.399
8909.148
7574.121
7894.884
8680.891
6395.658
7473.874
7059.836
7446.287
9648.546
3675.219
3345.755
647.993
5860.826
5300.888
5008.553
3618.934
9970.883
4677.641
631.371
8547.086
3638.124
873.87
3251.299
2244.151
177.72
7046.805
8046.088
4472.751
7805.08
6933.453
2292.142
6884.838
5292.77
2563.788
453.623
2815.294
230.76
8617.354
3852.98
1652.179
85.596
1347.024
7569.828
6385.875
4782.86
6924.777
4102.645
9517.97
1689.538
4209.329
6172.891
4673.834
8946.576
4823.737
2823.111
7377.956
3397.974
9547.994
1888.606
8254.692
3765.991
9145.395
9450.567
5248.497
9234.972
4469.92
5437.624
5424.025
9319.099
5834.546
5193.053
5143.843
2447.407
9786.389
9041.254
5546.636
8097.533
5478.744
9567.828
9334.328
1464.945
4350.007
5087.735
896.292
395.796
1139.192
9005.573
9585.376
8472.35
6755.911
1685.116
2618.917
8317.138
6192.398
8514.486
2508.992
4381.365
7858.669
4304.585
1190.997
1804.05
6943.625
5589.596
8821.965
3786.577
6080.865
8087.788
9587.684
6905.576
2477.243
817.093
6774.016
4341.36
9169.722
6170.941
1609.733
5302.73
4999.562
8854.681
6443.964
4544.693
6074.481
3696.603
6222.915
2968.127
2862.6
4574.66
4045.56
950.716
4920.907
4051.391
8397.286
5372.213
1128.481
3011.111
1902.817
2847.655
313.096
1854.735
6925.432
8610.811
8418.825
337.727
2121.287
2298.589
5704.322
1656.876
5577.792
5196.219
9509.748
7797.379
6360.949
9452.9
2187.834
7952.886
9775.759
5429.619
3423.377
2685.712
8395.596
4464.385
3963.389
3654.979
9086.862
7209.475
7636.459
8405.152
8597.007
2637.137
2108.918
2000.82
5010.773
3841.491
3352.245
7039.91
8922.213
1452.498
199.674
6259.454
5966.796
7285.613
3414.006
5178.212
6605.968
5350.306
9321.155
9493.116
8816.872
4115.164
8188.225
8738.948
1739.01
3246.547
4632.712
4986.774
6882.251
4736.893
450.855
6055.06
1229.405
1325.325
3067.806
4667.326
4236.946
6103.588
1871.505
9626.434
4525.671
1351.731
5998.927
3439.855
6614.394
4943.532
3879.347
9396.858
2667.372
8185.639
1410.371
7553.288
836.741
2315.371
3123.118
5328.987
9129.47
4565.811
4651.912
4937.288
5796.118
3034.022
6913.611
1085.3
8025.312
4530.541
4377.154
5846.063
1019.138
5470.174
422.39
821.723
231.256
8649.539
6119.165
2371.402
2081.904
4533.898
1912.583
1330.912
2000.615
4010.943
781.434
9477.326
8463.859
6044.107
9108.119
2026.004
1849.612
4034.354
835.369
2309.324
9813.761
3134.291
6073.346
8753.3
4695.973
7452.964
1959.799
1193.974
1346.884
1042.978
8115.76
7642.812
6442.564
2538.552
7955.02
2160.859
2466.973
117.252
2103.727
3257.995
8376.916
2727.215
2101.205
1423.273
2875.257
5788.312
6253.169
2135.599
9597.795
9540.679
3129.961
6549.23
5751.993
6967.275
9866.107
8353.418
9229.061
5618.072
4825.584
2870.804
6257.343
3006.858
3672.592
9865.651
6112.894
6992.41
1909.876
5525.709
6303.136
5635.767
6147.771
6699.236
5959.047
9007.895
4686.386
2137.584
4753.116
8600.749
5069.595
7137.081
4653.525
3655.871
5429.529
2411.566
6028.795
5368.707
8273.601
4436.198
739.443
3789.315
8346.943
988.417
7075.116
6886.533
8376.958
4426.42
6415.481
7761.03
1704.848
6223.201
9128.91
8148.895
2888.405
457.18
3495.05
9708.768
4845.074
4661.244
9364.765
2447.894
2157.056
2685.555
2227.037
3202.9
2607.545
2738.061
6042.634
7094.666
3775.282
865.422
3054.313
7381.405
8466.641
4919.723
4426.845
450.391
4876.759
9813.638
1587.113
3264.177
1698.12
5586.481
2946.991
7874.01
793.582
1231.806
7047.155
7608.81
6517.956
9066.201
1291.556
1137.917
8830.121
4700.119
1572.05
5195.099
5751.546
6528.201
7623.323
2113.246
614.632
8239.258
9921.012
4648.654
1174.971
4714.05
7592.218
6634.304
7722.778
5243.948
3446.445
4237.162
8025.629
1736.466
4934.772
9441.444
2207.423
1919.334
4431.513
6852.387
5430.617
6582.223
6771.257
9059.685
5331.696
3421.161
9492.184
3037.871
4818.631
4688.733
1637.741
8536.888
8893.407
8700.933
3633.482
7805.978
712.499
41.033
5217.295
2642.658
815.194
7155.084
6173.557
7015.842
4622.416
6789.839
2076.983
9289.077
2554.351
1857.863
1974.727
6770.704
5201.992
7371.154
5637.098
4639.094
7806.783
2625.637
8615.213
5390.381
344.02
1199.211
9734.595
5425.734
5751.18
3190.974
2278.327
4339.017
2621.463
3171.493
9553.954
869.58
8596.882
1215.646
7305.875
275.042
273.086
5836.519
9461.829
7827.792
1874.655
389.412
5417.914
9852.742
8299.308
7074.203
6606.013
8614.486
7972.545
8620.612
4880.645
7853.905
2306.884
9921.748
3652.743
6223.416
8420.049
1179.33
5447.684
4022.273
9576.804
2925.373
6322.838
2974.68
1475.609
6645.816
9872.812
5893.121
61.089
7418.57
2901.883
1763.059
7900.707
1981.027
6729.878
2595.579
3482.376
9946.743
5642.708
1833.48
1862.607
5936.728
2459.211
5818.776
3593.251
1462.419
9982.66
3570.527
1409.471
2452.347
1442.468
4324.901
8761.191
9771.278
146.303
7990.193
9179.962
7624.845
6758.904
9224.999
4149.257
975.929
676.997
1531.101
2643.716
2982.308
3429.333
2295.581
381.253
1658.05
5409.19
2575.627
9822.48
4168.68
9909.341
6132.564
8190.942
1511.105
2535.516
5464.064
7861.37
7416.15
2170.816
7634.885
8644.584
8534.904
9224.858
9630.998
273.902
3394.184
3285.52
8968.912
5015.061
4716.137
6474.828
6320.653
1731.934
9555.881
6148.023
6183.961
6257.017
1976.421
6039.506
5769.867
9706.534
4211.907
4595.799
8207.982
3114.052
4276.076
3150.326
1640.444
4688.062
836.463
3790.717
7554.146
2534.618
470.864
2595.262
7925.11
9559.787
1260.678
8931.728
7695.898
8714.715
668.08
2990.364
8454.691
4319.301
6240.884
8214.529
6100.358
3714.72
7082.746
8818.481
5256.396
57.239
1713.649
7460.619
468.148
7409.905
4623.271
4241.009
1848.782
7363.859
1003.216
4158.11
4340.707
8117.355
4736.142
8568.259
224.546
9986.359
6937.439
9092.73
7316.103
4778.057
1255.804
8163.156
7829.033
6091.977
4371.357
6654.315
415.899
8121.367
2804.752
706.526
6258.146
9744.425
3293.272
3649.05
9428.279
9627.423
7876.258
2271.368
2260.859
3643.41
60.508
5906.247
5927.697
2066.236
9325.534
3015.423
221.44
9451.105
9843.797
7769.212
9869.789
2184.876
2112.968
7476.21
1086.333
566.86
1430.928
1937.736
1543.91
5185.486
918.36
702.453
1218.924
1528.893
7443.425
1529.408
6176.086
6483.383
5147.767
3121.595
8553.935
7931.864
8900.129
7344.584
2096.827
6163.059
7325.363
8609.825
1412.375
9628.471
3363.682
2254.466
2227.589
9335.007
4704.521
9772.72
2444.127
3917.395
8416.536
2774.834
4287.84
7776.973
3901.308
1635.558
4342.828
9852.088
4268.35
4478.865
7949.825
6533.111
7983.786
761.221
6557.642
4052.896
2986.181
8101.005
2456.878
9548.184
5636.422
2509.317
8901.718
6363.242
7807.525
7893.53
1577.035
7015.748
7343.271
2245.562
7231.963
5983.674
7550.747
2400.251
3142.849
9254.341
2766.572
6769.194
7909.384
4079.974
7566.16
7264.954
3652.543
3266.729
4353.926
5460.296
7186.155
9365.485
3743.965
4086.321
3583.474
4137.435
7338.991
6925.869
5929.584
1650.116
3336.939
4737.762
1550.967
8325.846
2104.426
5957.967
6848.827
8450.627
4687.085
8234.724
5001.036
9904.033
7708.559
6969.2
8500.34
6439.171
928.521
3658.7
3161.319
8629.234
4132.897
4261.062
7533.214
9076.004
5009.748
3958.881
2113.1
807.895
3702.958
3870.498
3789.254
4538.17
6056.773
2123.678
2322.94
1410.551
7387.636
956.685
9002.149
109.302
858.406
3690.553
878.293
6169.203
5790.777
8824.365
2246.492
7250.249
2739.97
2512.821
1249.844
2284.39
2159.635
3760.702
1712.95
9324.712
9617.216
7624.347
641.284
5993.454
2194.01
5901.584
7778.065
8230.387
2394.089
1287.651
4783.737
2340.526
1138.914
2660.219
542.114
6522.628
252.86
8824.627
7639.695
290.535
1091.381
540.091
8925.731
7247.612
8954.263
5262.31
3502.606
3562.693
4384.518
9393.606
536.546
3293.856
3910.867
6937.294
2731.926
495.436
8264.871
4398.365
9365.852
7618.087
4942.7
8833.801
9572.048
7159.479
2157.162
3078.57
8863.785
8656.65
8816.472
8379.758
461.113
4219.624
6525.363
49.904
5872.923
5600.439
8613.439
9883.524
3303.102
7998.755
4690.851
7667.575
2516.831
3728.996
866.646
3531.901
9839.9
7738.948
8884.892
6086.627
7424.023
3983.963
5995.001
3576.844
7040.058
6004.882
480.482
4432.267
5266.152
8879.244
9587.435
2583.84
1736.562
4535.996
5914.318
9973.718
8088.361
8686.674
3291.941
5135.0
485.116
7134.995
7586.393
5138.728
1373.717
1457.813
9447.103
5464.132
5408.428
8606.944
6390.519
1427.665
3467.076
40.583
5044.567
3383.047
3527.109
1270.982
1441.946
8849.251
9845.015
68.239
9080.834
6497.918
4385.323
8232.226
6439.335
8619.509
2317.048
4232.876
5910.384
1035.016
6264.848
2509.638
5883.136
5544.345
2577.914
5320.959
3523.559
7968.375
202.392
6142.037
1447.199
9140.745
3583.013
3198.334
1281.468
3975.457
5424.751
7434.675
3805.085
5532.539
451.376
480.861
3558.592
25.765
1055.676
6367.828
1616.656
7493.193
9868.262
296.688
7794.241
3176.224
6609.774
6766.467
6076.314
4578.059
7941.785
9512.511
4012.251
8612.36
9629.896
6608.332
2388.537
2375.005
2594.273
4999.224
7063.91
4892.525
5152.309
4867.549
7580.821
1818.569
4093.15
7940.099
6714.448
7088.914
880.442
493.191
2497.066
2210.668
4805.063
9281.903
6308.314
4706.776
6767.787
9356.333
7034.659
6402.888
9535.13
2084.471
4846.181
8644.758
2442.993
7273.905
1863.647
1397.127
499.778
4711.235
3521.137
622.806
8293.482
8001.789
476.754
3148.018
4461.717
9363.926
898.511
8145.361
7419.921
7501.314
3761.223
7890.262
6899.005
4133.383
8524.702
4278.554
9169.456
8850.136
1919.116
4806.118
9641.573
633.323
329.435
1314.332
8824.263
384.912
6222.071
7797.478
1612.625
2848.371
9610.65
68.811
9760.344
4995.1
415.766
4566.436
7265.135
9102.321
7876.24
7550.067
165.9
7266.504
76.198
5392.687
245.136
2430.193
8028.509
546.231
9194.04
2759.729
2526.037
2775.822
966.438
2870.165
5444.53
6658.032
6062.507
3180.758
9667.568
8713.472
862.907
4014.234
9647.85
1129.711
5728.959
628.713
5698.324
9896.145
1812.334
1318.806
8917.697
435.651
8656.801
6608.935
5688.409
4771.719
650.315
5608.922
2591.588
6143.318
6063.378
5267.932
2115.484
4251.934
957.018
7511.271
7046.517
4962.07
3071.9
6425.177
5221.254
8378.934
2203.307
8940.088
8755.215
6459.91
8564.502
4225.028
3260.699
5313.052
36.349
57.326
9442.488
5925.766
5058.639
860.535
5061.852
6997.368
8252.133
7807.119
4599.963
4603.201
4717.846
9366.428
175.184
6753.189
8730.359
6979.438
1760.422
9282.296
2416.097
5739.619
4670.134
7568.49
1416.756
2689.011
7713.81
9242.242
2309.471
7058.436
5332.455
4491.729
6007.553
1119.686
4580.538
5493.169
4862.631
2601.339
1091.742
8624.522
1029.983
4384.546
1591.694
1782.045
8242.215
4218.237
684.651
6426.396
6501.921
760.461
7447.317
7809.118
846.397
2677.231
8786.406
3475.194
7747.645
3940.319
5066.239
6118.507
7939.873
4463.252
8544.849
9059.883
316.629
6449.746
741.373
6783.635
4069.337
4527.921
6782.968
7749.474
478.334
1997.947
6447.706
4678.399
8938.85
8112.359
1937.715
6003.088
3162.512
16.718
811.715
9457.114
8279.149
7516.792
2212.482
1567.107
3700.07
3598.143
884.864
4168.308
4683.96
8820.262
4463.598
1794.581
9466.022
7199.783
2456.043
8683.416
9708.448
7346.193
3059.522
7299.324
6847.579
3680.911
3877.436
9590.758
5225.143
7822.635
4448.808
4387.498
7919.202
6769.55
1964.847
6062.328
7039.908
2539.84
4072.265
7136.988
6034.296
2349.59
8729.253
6231.245
799.702
668.324
671.097
2233.526
4767.794
5469.57
8583.414
6559.333
2037.203
4326.673
7883.732
1336.304
1353.277
9845.575
9461.704
5698.791
1821.229
1933.314
9757.317
95.313
6367.828
8419.108
1128.744
7746.939
2217.81
4013.978
5451.894
2399.805
1632.726
5103.013
2705.032
3970.594
7944.089
5201.676
6844.097
5755.585
241.778
1634.858
9058.609
8734.701
5335.586
8001.39
7711.833
2703.587
4429.698
5959.217
5013.665
633.344
2325.519
3868.472
8236.788
5045.647
915.453
446.424
8718.082
3153.203
8636.918
2841.349
1323.383
1974.972
9613.923
995.235
7855.434
2447.867
6806.178
2129.544
2307.519
5874.943
7877.752
5085.438
5932.482
6498.219
5838.831
1475.432
7734.177
4864.562
6413.305
3067.815
5924.944
7895.568
3444.896
537.529
1540.189
2457.748
6310.766
4509.55
4795.171
6754.86
7672.706
7837.844
1118.328
3182.47
4591.211
9942.048
3801.394
6482.962
6470.309
7058.036
5165.428
3531.796
9174.342
4313.165
3584.714
6780.04
7949.227
1002.129
5519.208
9187.347
2757.823
6985.223
5505.632
810.405
9605.385
6325.44
6108.287
2983.355
3723.339
6114.576
8953.254
9055.109
2276.848
7007.106
2896.847
5821.905
4394.944
2525.254
9779.988
8551.15
9927.033
3557.966
9358.409
1967.894
8219.195
2506.321
197.228
9675.624
7784.052
4183.957
338.477
8665.43
6610.724
3077.316
3966.076
4772.455
554.181
4250.155
285.382
7840.719
650.901
5334.604
7067.557
9549.316
580.122
4041.574
446.675
6436.804
9884.351
5476.534
3977.172
2375.588
5543.447
8536.708
8767.95
5993.466
3540.037
2755.897
2563.335
5373.701
7437.933
2418.154
7466.064
1172.289
9514.979
2700.16
2146.886
4826.87
1735.659
5388.106
5359.635
7614.148
1852.949
4667.068
4064.967
7877.892
901.212
7483.835
3685.558
2677.402
2123.029
5590.125
3036.571
3582.253
3488.527
8716.358
9953.523
4651.786
7147.39
3876.811
2742.631
9418.904
8407.736
6631.447
4146.257
7727.997
8043.734
9043.15
3392.992
1325.917
3993.748
1627.118
1028.926
778.097
2397.806
4944.601
9282.505
5317.438
2685.595
8766.951
9912.606
5200.698
5461.311
4677.91
2297.688
3991.298
4821.617
5093.036
1600.918
968.803
3782.834
3488.309
2362.062
6526.598
9594.243
3821.161
3768.565
4885.148
2658.634
3088.554
5320.182
3770.802
4374.228
1713.84
8418.434
9937.441
2103.357
8055.053
5492.584
5797.531
1342.746
9943.422
9264.024
8042.717
5164.88
5918.161
6545.364
6149.048
4875.559
7977.923
4025.301
7820.196
3766.019
1487.242
2549.416
4894.981
3434.79
4404.628
406.144
4689.064
480.681
3666.466
7767.434
5616.41
2195.025
2070.321
8123.787
6247.566
863.286
304.612
6973.308
7252.84
4101.398
5391.605
5256.072
8810.428
9193.95
3643.982
7380.897
5189.282
6759.298
9720.72
4777.762
4829.636
1786.481
6132.996
9650.524
6197.413
5579.263
8547.527
4349.23
6361.314
9248.714
2832.964
5130.468
1708.672
5705.071
9520.468
8581.15
8805.516
5781.91
9083.676
2677.723
4795.46
6500.235
4064.684
5019.599
2167.766
1719.377
9390.329
9413.562
2369.316
9909.446
7944.203
2312.496
42.281
6868.568
5998.229
3645.304
3573.907
5586.739
4331.038
4440.28
2687.288
8855.452
7105.017
4093.631
306.489
4193.854
6853.91
9023.488
5476.855
6165.115
1480.653
846.653
9953.342
783.762
9906.565
9062.913
3081.381
4490.589
4815.91
2775.815
5079.622
1717.057
1190.425
8689.453
1818.993
5790.569
67.912
2587.157
9102.909
3010.622
6991.338
8312.71
9024.398
2229.075
5007.104
3149.42
6905.023
1206.72
8291.561
3538.649
3076.718
6848.237
4879.714
2463.988
8124.879
4768.3
2965.271
7745.691
6531.721
1900.553
1834.648
1710.916
1141.633
7121.912
2513.727
9138.758
6270.902
3080.318
6529.488
5258.38
7748.938
9810.079
7628.954
9315.59
2974.864
1379.983
9251.294
2197.044
1948.931
6395.942
4879.007
6297.597
5040.697
6891.314
8811.026
8349.824
6786.918
2061.297
946.074
1795.108
8152.515
4148.454
7710.808
6021.432
9798.022
2114.536
3260.83
9869.546
269.687
7576.751
9539.962
1335.297
2156.402
3634.992
4413.263
3357.896
8465.615
4171.546
1281.89
1470.484
366.647
6036.501
2064.46
6646.866
6496.814
7278.193
8042.02
7488.662
4844.174
6381.392
3128.868
8135.123
4545.109
6346.185
7345.073
9363.824
610.385
5039.232
3822.624
9949.908
6293.378
8477.37
4203.401
4334.991
1460.35
5112.478
3696.976
1022.078
7162.161
6749.268
7352.346
8962.8
8141.072
4093.166
4943.38
3368.335
7438.813
8444.722
8121.909
1536.784
9829.2
6773.588
1035.159
8832.825
1258.475
602.351
6331.565
7705.102
368.597
1514.032
7148.192
9271.55
9873.406
671.097
1827.268
3630.193
2841.781
509.693
8363.157
1697.185
8483.476
9430.851
8639.248
7174.227
940.845
408.39
3590.904
3753.429
6743.97
3427.45
8431.7
6606.91
3503.533
4605.799
1521.795
2556.586
2730.649
5288.246
2671.031
5779.459
6852.49
4988.797
4439.746
3312.6
1031.965
440.788
1291.076
2633.203
6128.568
4360.538
2582.519
2059.725
6695.517
6450.688
9785.098
8481.144
2644.519
3272.759
2858.013
4782.26
812.968
1047.668
270.257
9276.862
2960.448
9550.436
193.462
8285.318
2973.5
12.178
16.596
725.505
9902.286
7463.591
1258.974
2810.568
6589.775
1929.531
5025.716
694.712
1746.752
5658.235
2658.249
1234.094
1534.044
7640.941
9565.841
5625.488
892.322
8143.871
2496.567
9148.261
9129.922
2916.12
8048.074
4786.983
6071.299
4433.833
1822.934
1992.727
1635.934
6621.649
9980.14
2316.928
4528.606
9234.188
639.36
8385.106
5293.104
7230.909
8981.103
8789.72
7001.424
8731.852
961.131
5709.751
5959.698
3139.568
6083.466
3846.199
6869.514
2365.206
2068.251
6982.69
5988.203
334.551
7581.57
7662.753
9596.612
177.391
3483.207
7544.036
7775.36
5760.004
5947.89
4060.353
5083.54
7288.389
991.383
4811.04
8402.366
5085.22
78.684
1771.172
9206.584
5905.202
7820.182
2542.098
6469.864
593.383
7638.081
3891.69
5674.93
8645.441
4053.449
1286.128
8169.493
3172.97
4443.222
5014.858
2015.858
8172.35
4890.829
6730.827
4533.382
7534.022
5308.849
8693.546
8055.938
3673.925
2909.419
5256.155
4369.4
8692.102
8117.231
3918.523
7803.766
5768.366
2998.744
4573.696
4907.19
8822.408
5093.149
1282.831
859.611
2298.614
4965.116
9099.471
9007.127
1064.218
8184.471
1880.946
1197.052
192.119
9499.505
2716.06
4291.454
648.541
6575.287
1246.485
9944.069
4373.436
8313.087
3593.203
9347.743
5232.798
3987.101
883.12
8915.295
8756.097
1322.361
8234.754
3937.356
3978.035
2384.661
4241.717
7158.548
6793.659
9684.986
1869.508
1231.692
2022.231
4452.342
6442.826
8377.423
4611.755
4063.242
7066.344
2740.9
9720.363
1828.388
4520.507
8949.937
5722.793
9282.028
3185.688
3995.159
4014.786
8648.484
4470.51
4730.749
9703.208
5292.717
8766.377
46.409
5473.422
7007.276
9590.207
3348.123
4885.818
9460.138
3738.384
1320.135
3603.03
6946.2
7342.538
9001.95
6444.181
9042.285
4390.559
981.959
741.801
1413.634
434.346
4770.404
7832.076
3367.468
9572.978
9129.876
9429.526
4268.466
541.612
6985.146
4083.897
2923.48
5978.125
7384.895
1818.078
705.407
1548.052
8358.249
8381.432
515.595
9555.099
2809.696
6862.081
9943.803
1938.591
4898.924
3289.6
5501.994
4865.487
4419.568
3337.12
8704.218
9971.985
355.488
6738.813
3286.903
619.078
5673.08
3726.468
3773.315
820.607
1791.018
3348.043
5188.42
2980.387
1732.487
899.577
5795.192
9601.85
2114.018
5855.211
4694.516
4924.122
8668.399
6568.935
3558.885
8710.659
5346.68
4395.448
5113.175
9672.146
1049.502
7876.9
8942.226
4821.144
3975.223
8214.232
6908.19
5182.683
7874.546
1697.772
8763.866
1385.282
2751.629
5465.523
2357.075
2167.395
4660.269
3966.098
6499.82
849.484
6612.396
1940.889
9369.996
4496.418
429.167
9422.618
713.544
5006.331
5333.288
890.535
7650.809
7860.693
2852.09
2766.669
9666.032
4688.209
3679.963
1673.334
837.982
1166.141
8600.668
7243.812
8544.309
868.049
7269.861
1816.868
6075.582
8383.523
9382.256
1702.374
3551.0
9443.57
2280.034
5341.21
2880.98
9374.63
7446.565
7996.502
2456.926
1223.887
3528.722
7536.304
773.532
5293.552
9377.882
2624.109
2448.821
7176.885
7769.098
7472.914
5470.345
1086.564
9664.144
2032.135
8606.668
7793.498
9376.086
6643.484
4078.732
7535.624
4194.449
1718.6
3500.575
7720.486
1892.783
2327.117
1960.598
9806.681
693.226
8334.083
9482.824
347.041
4316.476
6149.056
3976.004
6665.628
404.479
4179.752
7569.726
5758.692
9739.309
1144.548
3615.717
178.538
1073.425
8125.185
3954.837
8888.27
6004.172
6244.203
5668.671
5715.189
4617.566
1691.705
718.62
8528.257
9541.803
1102.648
785.746
539.09
2056.891
7381.544
5750.368
791.704
645.3
6936.918
649.155
3155.035
6996.686
6396.053
4616.379
790.446
4336.154
535.838
4856.178
5379.845
5347.705
1255.735
7793.774
7380.11
3226.78
226.568
6334.627
7093.168
2799.645
227.363
8822.607
6386.363
3250.811
4039.658
6380.383
9992.394
2776.824
6688.085
907.535
9506.995
2494.609
8529.066
7166.082
3148.233
7564.381
5909.539
8043.85
7692.433
6816.395
9098.691
5372.183
3921.799
1881.554
4980.318
3639.246
7634.885
9119.647
8906.704
4249.772
1239.027
8247.866
2487.196
3128.906
2553.424
5733.063
6103.616
3167.347
3065.089
1974.007
6376.758
5597.028
9466.846
7966.012
7299.408
7843.973
4077.249
5723.65
2771.003
2237.901
6628.373
5225.926
9240.96
9268.548
6816.169
1653.711
1527.939
8547.081
6196.998
3593.818
4216.094
6396.8
688.139
941.627
8978.982
2836.784
803.981
263.475
4362.35
2798.506
4615.174
6970.227
2993.295
520.15
5244.272
9725.432
2585.539
9879.435
3385.384
5784.554
3014.693
9114.199
9672.545
5365.933
6192.203
5966.153
1231.087
3211.175
9968.836
1738.99
5745.398
554.418
8294.594
8030.416
8935.678
4700.928
8195.981
3663.823
4388.815
248.461
7613.7
5361.59
5223.416
5900.278
7349.414
9066.353
1008.934
781.534
7861.14
700.378
5572.644
918.358
2654.199
2307.839
7150.105
6896.067
2584.847
9769.649
6626.53
3117.265
8704.94
381.892
9832.506
5355.653
5414.838
5844.25
7369.755
254.476
9251.126
767.617
1132.037
4229.181
7976.392
5495.393
58.319
389.441
7186.644
9791.727
3374.945
2904.779
889.094
3619.992
5277.15
4584.065
1652.674
3029.624
4205.712
4753.457
7971.644
3604.643
4290.035
9844.376
3960.359
6451.939
8492.021
6926.65
8145.245
4293.88
476.144
7759.742
7676.016
3409.946
3022.58
8721.144
6365.844
6169.706
8101.097
8623.413
9342.584
2409.309
5664.142
249.358
1641.197
2041.448
8325.944
7420.049
2737.109
7682.06
5129.321
7546.515
6472.31
7916.189
4216.792
1866.642
8571.281
3398.307
1791.209
785.262
614.271
4814.347
7220.806
128.632
2572.024
2470.381
8976.287
3810.361
5285.032
8118.558
9400.941
6805.826
4203.938
6919.241
355.191
2582.449
8754.689
4440.089
259.894
9492.803
8744.976
9877.635
683.677
4346.386
4995.419
4390.681
3928.043
1200.127
2931.33
2433.115
4383.723
5919.443
5719.578
69.295
3440.519
2756.229
2809.176
6337.812
8412.231
6807.635
8533.474
3334.914
9217.129
7818.483
2906.514
5643.328
7676.108
5128.346
470.951
1733.235
9948.186
872.067
4252.352
3758.685
846.793
3771.64
6201.184
1618.875
1995.724
5657.977
3097.233
6351.553
5536.757
3422.443
2586.134
8652.193
9293.743
1952.052
8804.641
9427.607
5639.906
2154.374
5697.772
540.209
5517.581
8703.69
6916.636
2296.336
1386.08
7457.197
520.093
9962.947
7538.983
7076.558
4417.925
1263.25
4384.706
254.531
8657.288
1572.142
6333.482
6261.529
2237.15
677.044
3640.588
7175.701
9529.196
7703.72
5924.029
3235.65
6545.82
8956.225
4770.545
4822.806
6145.412
7433.086
4977.457
9785.483
3586.353
9262.809
3072.214
8108.905
7195.027
2636.011
6685.409
3007.259
2376.168
6613.537
7384.825
5106.319
8610.943
5914.315
4900.691
2084.984
6085.351
920.911
1021.282
4834.288
4328.45
8315.843
886.096
9303.774
1612.074
5935.381
8579.235
7465.835
810.508
2208.752
9105.182
70.691
6296.573
316.59
2300.281
9244.85
3341.382
8005.624
5851.38
7979.47
925.319
1920.941
8048.138
8634.897
8601.774
5111.861
4337.441
826.273
3819.841
6795.48
7753.353
3879.987
3269.651
9019.283
126.7
647.084
7494.152
7451.842
9038.557
6811.984
4082.265
8007.539
3055.763
8347.162
792.303
8798.291
2194.92
6708.411
2293.543
3636.153
5223.767
5559.834
8912.41
4306.782
9514.122
1866.018
2096.722
8144.842
2793.168
8338.371
1226.298
9319.262
367.547
9650.275
6076.812
2799.972
9977.822
9776.209
3140.398
3796.929
6440.741
9221.503
4742.67
9750.556
1606.263
7609.881
7422.356
7067.802
1902.092
527.055
7280.628
3641.261
3650.339
4827.216
2692.64
1534.044
1201.76
373.156
1003.057
8631.372
3978.943
1506.589
26.125
7470.815
2836.917
3292.592
1998.358
3154.36
8885.261
2707.069
5824.153
5690.922
4771.061
112.341
1471.271
2242.049
7960.305
7558.315
2473.743
748.398
3703.185
9061.849
3777.889
1531.538
6550.393
1118.349
3141.751
397.673
2992.369
1570.993
3342.561
5015.58
2747.946
4589.646
8791.78
5324.626
9171.952
2268.631
2127.673
933.773
3469.284
9714.651
5048.861
6766.568
8322.166
3.487
5857.673
4633.129
8896.586
4773.865
231.786
816.615
3467.329
1790.358
3688.355
3980.832
5165.054
3019.095
1708.2
4100.909
9917.055
6035.279
1816.176
2351.584
1147.043
4004.132
2277.829
4742.95
5825.6
6455.468
988.631
906.745
2802.548
4700.509
3387.238
4572.521
2944.428
6776.513
7336.727
2723.685
9114.961
9704.89
7425.294
5808.699
8664.553
6450.685
6854.302
2318.959
9178.283
4606.838
3549.518
2482.585
8102.172
7488.652
4645.956
221.276
7272.473
8899.9
3490.939
4523.292
3652.054
32.786
5956.671
8575.117
7118.649
7137.255
1266.957
9347.65
4248.634
4866.375
3937.225
4100.69
8873.617
4172.441
3488.572
352.876
1854.874
4862.673
7403.827
1573.456
1726.731
8321.571
9732.429
5236.767
62.992
3833.491
4845.861
226.548
2338.709
4356.917
5204.324
3501.18
1139.4
9027.79
4276.968
2900.124
505.761
9616.96
3503.095
7128.729
4563.796
5224.043
2440.462
4149.875
974.213
6520.274
8793.493
802.893
4947.247
3945.619
9123.434
2048.166
8824.881
4041.477
9109.635
1431.805
6529.883
3992.346
5455.489
2230.937
4594.044
5432.811
2300.088
1312.781
4362.278
561.59
4073.641
1221.566
1271.125
2300.791
8752.555
1847.856
9200.049
3051.804
9501.671
7251.102
9379.04
4455.819
8722.072
1740.887
6983.098
7450.96
8086.494
833.596
8570.896
9666.685
459.123
659.024
896.921
2998.231
9075.682
8035.137
1609.601
6356.471
1975.49
513.965
3605.007
9767.044
2012.775
2182.632
5567.868
1771.525
7878.445
4254.697
3816.106
2968.764
9432.633
9864.615
167.131
9635.433
5675.088
5726.182
9620.278
59.252
518.634
538.902
6050.128
6411.251
6017.026
7260.844
6035.025
3101.882
6983.041
7935.756
4698.388
502.906
1329.297
6280.227
979.784
488.378
4776.493
6920.864
2490.586
4980.234
3698.613
5804.227
1937.258
309.445
3361.349
1006.722
5610.681
6420.159
3143.708
91.993
6093.527
5473.095
6962.467
6675.249
3158.212
1370.404
3641.009
1825.962
4281.449
1256.903
2783.162
1792.143
7523.616
8584.631
148.74
1491.987
4722.364
5666.196
3803.821
3680.304
4128.146
4758.11
9273.459
3888.148
4626.617
9921.158
1346.729
5470.591
2328.727
3587.977
6434.433
8550.051
4134.543
6177.851
8463.951
5965.543
716.632
8695.809
9300.284
4996.92
7732.464
3111.253
1969.215
1985.32
6404.54
9654.959
6617.285
2288.919
2870.741
2021.863
4764.638
4117.456
7469.822
5320.237
3568.783
1863.795
715.616
4236.406
8743.043
8109.289
5556.01
2488.158
5556.441
2222.038
6136.802
2507.695
4811.946
1859.233
5317.974
2494.879
8539.963
7408.095
8032.241
8855.016
7109.434
2384.954
1693.615
3009.847
1361.723
7907.742
272.686
9076.493
5093.993
9309.864
9809.907
2933.059
9250.983
2866.165
5183.476
4523.093
3450.47
9445.615
5994.542
4276.619
5909.458
2199.041
4758.764
9505.163
142.212
3338.636
8084.429
9897.307
1726.311
2592.743
3910.673
8053.002
6200.505
1203.65
9416.743
3608.352
7080.083
1616.298
5834.878
6130.426
26.58
4279.338
4226.877
1241.349
8126.289
1580.455
2967.469
1153.519
6622.23
4832.783
2266.251
7576.128
7690.566
564.672
9524.118
7631.221
8062.258
5553.625
2227.895
7147.281
9076.374
4630.101
6370.126
2906.878
9116.182
6087.488
1716.87
8833.59
72.744
8625.624
9843.476
8279.344
9625.462
3246.834
4403.605
4314.53
7386.796
6329.031
4492.736
3924.35
7354.031
5537.13
649.477
1755.104
217.165
783.953
5933.668
5519.896
3786.75
6754.77
3986.271
4797.246
5517.001
2904.295
7082.72
9459.649
1302.162
7361.647
3173.285
3899.981
5082.156
307.168
2838.889
7374.035
7794.144
9250.38
4311.693
882.128
6885.724
8692.291
1101.134
5930.161
3781.564
2408.035
192.156
4323.419
8596.993
5101.525
5173.582
5516.613
1303.569
3726.181
4317.089
8057.286
3770.888
6436.67
3916.97
8914.954
7003.063
7031.124
9150.802
626.224
7644.415
9753.014
1280.841
3752.555
1721.889
2174.462
4005.0
3027.782
2286.503
4691.696
9636.418
6962.935
1634.759
1531.346
8695.328
2008.879
2050.602
7095.804
2016.289
9166.546
1548.424
4748.54
7976.073
250.468
7746.347
2615.798
9112.316
1433.931
8603.485
2904.758
5783.407
9511.801
8403.243
6722.811
3095.341
8233.575
9642.819
6308.775
2405.067
1529.563
5794.744
6262.446
2690.535
5583.09
8308.822
3541.991
6903.65
6196.624
1622.785
1916.923
6090.474
2484.559
897.959
4856.551
298.085
8603.392
6188.559
3766.119
8909.761
2560.185
2545.171
4842.464
3381.968
4679.559
9494.874
6237.413
6558.697
1607.273
1452.152
1207.972
2849.706
6809.274
8534.483
3722.582
8062.803
4005.168
6329.676
1967.684
1000.823
9915.94
8286.389
6906.687
3646.392
9388.651
9547.372
7391.752
1687.672
369.749
7692.143
8807.95
9298.165
4034.848
3375.19
7587.502
8234.295
5395.757
1313.893
8309.783
1964.622
9485.425
2932.142
5396.842
1629.261
6.822
9772.304
598.805
2047.928
3820.75
8864.75
5224.19
2308.05
2272.089
3363.957
5294.014
1105.25
9763.32
6033.63
8003.824
2818.661
8854.237
9044.463
9539.087
6927.088
9700.483
126.004
4121.956
2496.927
8974.931
2371.876
9783.13
3315.841
5535.487
6644.134
8422.046
1548.197
4176.388
4415.693
272.69
6925.779
6768.972
3145.751
4295.932
8383.039
850.327
3906.005
9309.897
5904.906
2981.219
4389.359
4299.948
2465.202
7645.393
1092.995
6151.162
6926.146
4850.617
4250.543
4207.925
8940.429
7773.073
5343.422
7598.801
9374.637
2900.607
7964.642
5182.856
5806.339
2628.484
477.932
6022.811
5034.226
2295.34
6092.344
6999.052
385.923
460.881
6222.593
893.867
5877.682
269.235
4129.822
7566.323
1155.242
2885.658
2495.944
3570.961
8507.96
9677.535
2462.987
1209.46
9600.31
7676.924
8559.133
9506.011
1624.632
9749.075
2072.22
1375.11
4763.197
9150.213
435.694
3569.392
4598.724
3140.605
3134.138
7330.89
1065.706
9762.244
9161.99
3412.645
1394.838
3649.361
3650.075
6098.295
1042.07
4195.37
9064.339
868.577
1804.987
8434.092
1750.55
5598.56
5448.818
6181.324
8654.809
1130.473
7084.068
7355.05
7275.109
4778.409
7289.562
8632.697
4912.62
7112.162
9100.032
5300.415
9986.142
3753.764
4248.487
7320.533
5617.481
9725.823
2213.864
1676.105
1436.689
5701.817
123.977
3732.309
6276.063
7291.19
4748.117
1283.304
1898.448
512.555
3703.136
5135.811
4954.458
3022.353
6332.278
7307.848
4298.528
6013.466
1022.344
3394.176
5579.885
9511.608
1382.389
4929.947
1281.934
4237.703
9769.9
7238.24
8996.673
5323.777
2220.827
9957.053
4077.361
7759.909
6322.158
7624.144
7732.297
1069.524
2597.487
4218.102
367.871
7745.41
4472.776
5167.34
6824.621
5342.635
7951.809
1534.192
6174.937
612.943
1900.401
5621.826
4309.137
515.271
8119.344
2458.69
6808.565
9094.975
4353.543
1641.276
1013.24
8403.937
3488.852
8270.998
2816.651
2667.866
6718.823
1582.303
6317.565
9905.352
316.585
3201.615
6914.58
3072.775
54.576
499.533
6729.896
4618.207
3.995
2231.978
7250.419
4927.754
6620.291
134.842
2978.217
6065.284
4097.918
6237.83
8603.459
5607.754
7278.821
9180.981
3652.798
8009.407
9433.06
6949.768
5792.073
9129.27
2272.548
4200.404
440.041
3592.37
6921.668
823.966
557.16
9546.981
8479.036
140.95
3385.659
4789.1
5897.752
2230.855
7420.015
9336.484
9839.827
3602.753
5096.255
2307.202
287.522
8159.293
7679.862
8983.378
1393.066
1899.585
5541.14
1213.152
168.825
6280.189
7611.096
4458.635
9435.056
1312.448
8426.05
1033.361
7768.671
5893.713
7198.805
3519.661
2436.79
1070.505
5259.672
2381.816
2778.987
4332.394
1934.922
1912.238
9292.098
7414.746
2251.849
8170.014
5565.205
5382.596
3458.427
4714.9
3495.449
2882.752
6871.342
6209.686
4304.114
6300.811
2373.616
8980.097
5694.31
8656.099
1065.465
7165.232
3137.168
4438.711
1459.449
7921.634
642.665
8034.156
9499.201
8085.845
904.254
2906.178
2184.446
5624.416
8575.14
1969.628
3804.069
8759.892
4352.452
6042.588
3964.572
2971.457
8150.89
7330.744
2289.265
706.391
3157.618
5178.171
2214.147
6802.492
3165.937
9645.011
313.749
8274.062
7086.298
6486.93
3256.748
8809.45
6535.895
822.256
4604.511
5338.392
2717.003
4821.221
4167.422
6148.605
9467.04
9636.591
3468.206
4297.144
5467.34
1104.067
9053.094
4022.292
4393.031
1078.068
8070.271
2952.827
8375.298
724.346
5072.765
5423.618
8134.584
8132.352
803.488
7168.917
881.655
906.378
7742.402
4768.199
9179.526
9787.596
7797.639
9672.118
2405.318
1479.258
2457.405
4748.277
4132.544
7394.11
4940.186
9176.946
1050.087
4699.553
2702.24
5764.238
665.947
5296.187
266.831
8385.508
8674.855
66.129
4257.71
2975.945
3755.231
362.696
1472.361
333.886
2267.857
3154.401
664.878
5338.282
7181.999
983.246
1731.57
6248.414
4504.949
2741.484
3910.63
4322.873
8254.796
6247.448
9927.99
3039.791
5687.785
293.593
7482.795
7581.759
3664.71
7805.223
4713.554
4830.268
7297.872
48.992
2601.833
1673.78
2322.429
9300.736
3033.496
74.279
8913.342
5409.77
7486.487
7050.062
9214.409
6001.347
5573.841
1926.361
8339.507
3148.226
9403.783
5680.383
416.508
9181.301
901.404
2533.669
3189.746
2113.236
9501.209
4770.75
1276.538
6708.893
3275.525
4656.418
8271.352
5858.706
7882.286
3995.261
1851.571
2597.941
287.992
9424.615
1418.559
3497.298
3633.117
5571.053
9604.979
2517.038
9813.199
8478.996
9447.761
3570.607
7462.966
5344.871
8295.319
895.873
5329.154
9779.339
3464.933
5036.06
1521.006
3339.61
9121.175
5029.127
7462.4
2.627
4925.875
1209.537
270.858
7999.405
8169.532
405.121
2827.374
857.258
4849.62
8475.47
2151.638
6700.573
7745.097
2587.326
1787.231
9409.466
9908.499
6700.615
8012.003
6039.248
2030.671
6921.908
7395.216
9832.651
3833.797
9639.014
2243.384
5725.889
4273.226
1241.413
3876.272
607.706
4498.317
9644.073
9825.315
9164.173
541.94
2188.451
1298.423
1705.344
64.318
7612.728
363.098
4431.57
8718.476
5693.877
560.513
1707.182
5758.261
6032.537
3977.758
2240.548
9776.665
1895.91
3286.956
86.143
9899.175
8129.083
2032.589
3604.919
8475.892
2117.492
6914.533
4175.172
1547.958
4185.221
2883.439
7254.42
2213.924
2879.043
4989.904
7662.779
328.024
6037.475
4473.745
8061.828
1869.361
7730.408
3596.397
3095.1
6898.567
1197.506
9680.144
4669.096
2660.6
2079.898
4409.889
3520.846
7715.037
633.826
3178.303
241.621
1440.297
2194.474
8862.26
7275.037
176.735
9928.068
6058.982
2996.569
3421.713
3423.301
5507.491
5376.954
3246.074
4052.432
4308.956
8064.827
9013.425
5416.279
8325.619
8655.163
7856.624
7535.211
7392.168
1306.17
8467.622
1370.85
4706.526
399.344
7692.756
1829.688
116.943
6030.15
1842.045
2874.03
7836.458
6138.238
714.456
5099.009
4669.979
8193.195
6525.323
2172.14
2828.673
8862.457
2275.304
8091.205
1584.49
9710.355
3594.197
7112.218
751.602
3130.533
21.179
7236.9
6945.093
118.006
6647.961
5842.105
6251.527
4460.359
4729.805
848.992
6165.134
5346.697
3100.841
686.425
8834.994
9816.227
9339.324
502.618
3663.724
4874.642
8090.479
675.219
9924.553
6314.14
8068.361
6526.886
4113.988
1877.364
6791.217
9374.041
3555.309
3788.656
8094.499
6885.397
3768.798
846.384
9146.704
6883.242
1786.587
1039.794
4606.65
9482.276
8518.428
171.824
4971.264
6272.606
5517.677
5952.557
4611.477
2350.223
6003.075
6705.781
4278.347
3116.095
2376.471
6006.585
3326.51
81.902
8798.729
6992.77
8777.71
8524.738
1083.217
4035.56
4429.629
2375.201
2040.868
973.384
7157.734
3544.455
4557.532
751.2
8842.584
8054.6
3613.802
7455.267
8626.607
6829.562
5942.632
8905.723
4420.743
7765.977
2481.965
9087.07
2118.077
6673.853
7974.538
432.246
6534.304
4030.908
4304.016
2064.474
9923.825
2528.342
9943.358
8068.23
5422.456
1650.245
2730.271
4393.442
1210.505
9490.821
5496.078
1841.563
3807.447
3647.338
5576.473
3273.912
5085.305
4431.77
4068.959
8146.685
5619.383
6102.906
1815.143
8245.103
8006.135
9750.17
6857.314
3285.421
8413.062
647.398
9724.831
8140.4
3958.702
5867.627
5639.975
9736.875
6798.278
8448.627
2787.163
4134.191
7974.458
9551.447
3877.45
8898.778
1665.952
3117.477
2154.977
3516.532
6888.469
3774.4
2981.157
6134.417
1287.45
2849.247
8476.47
2172.672
8411.589
7433.363
5837.887
3277.416
8820.294
1163.246
5953.398
8924.385
8154.742
470.68
2902.841
3609.827
4038.167
1566.298
5846.52
4494.043
9751.777
7105.264
3414.31
3280.116
808.0
9828.466
7105.038
5293.44
8129.908
9125.923
4086.027
2335.879
8679.904
2307.166
1055.457
8282.216
88.882
4186.422
7274.661
9306.779
4878.02
1973.148
4134.94
2769.692
365.454
4343.67
2506.699
9819.564
4097.476
4695.892
1131.629
279.086
8144.171
7142.592
3147.968
2345.701
2605.894
4166.336
4090.22
4679.185
6000.33
2899.974
1754.661
7777.079
6107.553
4704.894
881.072
1614.152
4197.94
4059.653
9756.078
932.073
2699.979
2040.999
5966.787
8098.315
1983.51
8717.909
1245.027
9504.994
942.345
205.325
9255.542
844.347
6359.932
580.055
6657.475
7283.56
1151.793
7707.33
9437.511
3809.799
6642.497
245.361
6651.461
6215.952
6917.234
3994.579
8040.1
3989.203
1121.653
958.601
5665.394
5605.832
1087.692
7185.305
2229.586
1455.936
711.345
8609.062
1631.435
6411.562
4404.736
8728.514
3327.668
6813.942
6872.716
7247.671
5929.278
6768.034
6980.534
8081.64
9385.382
6898.863
1805.003
5865.142
9135.786
1264.127
1113.951
7827.922
4622.101
4607.969
8031.579
4459.464
7504.819
8935.456
948.429
8045.536
6974.56
5190.937
1642.408
6855.586
4873.023
3863.544
7934.954
4492.251
6593.803
1225.41
9257.892
3358.999
1714.09
6404.44
8546.044
6346.589
1824.087
5692.948
7976.354
9331.35
7178.504
5265.236
7682.72
213.831
1242.242
5768.349
757.75
9076.708
4779.282
2550.169
5845.804
3691.376
7876.853
4809.187
9229.719
4711.059
5848.875
3944.283
7654.923
5919.173
8896.723
6269.74
2189.504
7520.097
3482.556
3502.98
6916.338
9641.034
6212.39
4365.477
6809.874
7443.981
1374.968
2184.77
3189.707
2900.046
5773.259
8425.671
9558.604
286.31
8450.99
2391.917
7376.123
5767.933
3420.237
9640.087
7784.991
9275.312
464.483
3998.152
19.047
9505.968
6316.573
4107.646
824.953
1578.846
6115.771
6720.502
6572.534
3792.795
5940.167
173.834
2135.548
5103.302
9334.956
2299.641
3021.552
9149.901
7790.079
8793.469
5918.574
9650.923
9620.495
7461.728
3790.947
5407.755
5797.872
9256.58
3860.54
9772.33
6666.041
1378.805
1719.969
6131.049
4352.733
4655.193
2964.299
1268.323
327.694
2570.032
7695.759
9547.437
7194.171
6331.531
1610.559
5835.234
1660.444
7875.578
7692.901
5707.56
7362.964
4744.441
1028.665
4546.173
1767.183
1459.873
1434.677
8003.438
989.256
1979.262
1547.75
4786.049
9403.411
3411.354
1594.245
3501.18
2992.409
8704.907
6273.839
5840.978
2247.277
8415.496
8879.742
8088.846
76.183
8317.44
1337.12
9745.589
4747.917
1388.907
3538.306
1220.245
8659.671
5414.041
2436.265
8552.864
4932.817
2741.96
3186.863
11.843
5415.281
4292.457
6810.943
5600.428
6029.552
5449.343
3468.028
7808.9
1433.657
3683.893
9351.536
9503.604
8862.924
9995.136
1826.636
4922.632
9099.276
9138.124
1506.627
9039.552
7835.727
7929.411
2972.593
2411.28
2254.314
5139.893
6391.324
6833.831
3060.388
6895.266
1592.769
1394.977
2664.017
1183.379
5728.521
66.841
1944.494
5432.376
3845.957
7490.113
9386.867
2568.153
8034.941
3859.812
3477.25
1319.344
4676.292
1075.782
8539.064
4041.652
7797.861
1126.087
2451.162
5322.167
4554.812
7130.741
2493.13
9250.223
6815.841
4032.155
6906.219
7547.149
7172.614
7494.398
3019.588
3593.389
9963.498
6907.544
9348.605
212.129
4057.12
6843.367
3727.344
4589.405
4395.098
6403.878
6587.295
2951.56
8437.467
3452.58
4441.344
3213.029
2069.522
2801.311
2771.032
1762.501
693.812
963.187
6370.04
8753.207
9482.958
1885.128
6019.184
2052.627
7215.385
6115.084
6398.347
7368.34
5652.916
8765.425
166.372
9566.308
9878.569
8726.508
9929.298
5635.481
4768.912
7020.545
9723.841
8128.467
4237.043
4765.989
1454.629
6883.105
4202.266
8398.484
9169.582
3191.707
4786.365
643.176
6113.73
8307.362
8421.344
5973.947
4841.669
2457.37
8965.011
250.743
5030.308
83.195
3044.235
6770.052
8713.308
5733.869
3575.619
1873.859
3635.807
4815.204
4972.73
1773.311
6952.614
7546.8
3554.916
6895.621
3058.736
9553.594
2882.822
2497.443
5827.521
3390.741
8932.006
7922.207
863.18
2480.939
4597.835
6085.674
7811.407
8354.843
7805.038
6733.37
9370.2
1697.484
9393.775
7525.968
9536.59
7849.01
6821.706
5366.145
4090.714
4091.059
2852.448
9108.772
4933.384
6907.588
809.118
2567.618
3826.371
9188.637
3029.847
9403.874
2153.221
8913.428
3037.313
5102.626
105.964
5160.793
2370.482
3479.615
8537.539
9881.081
9702.398
4887.877
4667.296
9458.001
1813.894
6057.583
6474.429
5182.797
2307.489
5229.833
1335.404
7277.737
8888.881
8303.773
1833.881
5639.916
3667.787
7957.727
1618.596
3094.999
1922.597
7676.816
2099.705
3633.514
9902.861
1102.62
7697.627
1731.135
8808.358
5670.392
2150.172
4738.249
2030.95
5945.093
2759.987
8424.275
3959.173
2318.695
7692.794
9394.566
4968.025
733.9
368.405
8209.372
3484.62
6527.035
9042.568
8492.852
9669.28
5892.052
5245.646
6977.608
2064.355
2771.164
6382.377
4689.447
2433.978
6458.625
4980.727
1026.676
4934.852
6918.28
8256.441
2896.134
5574.564
9067.197
8830.733
711.962
3272.41
5881.722
2441.839
4929.44
6131.261
5837.851
8661.294
4625.354
5141.619
7263.563
7693.897
969.705
2463.966
9395.793
7636.169
5217.316
894.176
613.026
8521.139
9022.915
7474.901
8423.323
649.881
3712.348
7881.302
9240.254
2459.993
1421.114
519.127
4616.914
2617.405
6568.968
3231.01
8200.473
5738.711
7395.435
5936.009
927.458
540.795
8372.94
6535.214
2688.246
5406.312
5065.651
9814.266
8814.411
3591.037
9048.627
5704.546
1544.454
5274.269
9478.731
3077.254
4381.877
2524.692
6632.367
2455.345
7992.983
3631.214
5711.504
5024.375
5534.324
4542.905
6726.131
7112.012
6442.145
9862.168
3293.306
9954.852
3015.03
7141.95
7727.944
300.879
2235.958
1291.595
1420.222
4403.558
2438.939
7323.554
6558.206
4921.031
228.061
1207.69
2533.442
5070.659
6271.647
163.05
3425.125
5429.509
9821.314
4460.848
9995.202
5477.797
360.357
3905.359
6014.999
6852.467
1856.621
3486.588
8535.827
2987.515
3344.827
60.771
6555.769
3581.528
6543.859
7967.759
2371.665
1170.4
1576.044
1536.815
7575.508
9573.788
8182.82
7716.932
7613.208
5241.084
8481.228
7918.549
2260.361
2396.356
9407.116
4439.012
276.969
376.683
4768.689
4900.069
6093.706
2648.21
4970.167
3259.984
2462.255
6420.605
8340.724
9493.846
2909.6
7712.952
2684.19
9746.103
9888.328
331.919
9036.106
6822.053
2550.564
8329.032
888.185
4559.043
4663.463
5461.706
6265.858
9299.642
6008.623
1808.069
7762.531
9580.447
466.742
8979.224
1683.514
1208.851
5841.549
2997.982
2588.897
2296.718
3705.177
4186.513
4898.837
3305.776
4860.791
2871.99
3970.697
2849.785
2062.646
1679.903
1660.24
2313.596
5998.911
4964.737
3529.91
7610.169
2191.408
5788.475
791.147
4034.64
6717.158
708.465
7676.684
4160.636
163.6
5280.253
8448.863
9339.593
3593.037
3329.6
2137.726
8034.174
9834.981
9382.091
6036.093
8704.97
1323.914
4811.648
4370.738
1133.973
2470.958
1299.404
4843.477
4718.502
298.445
1407.406
4539.356
6244.373
7674.597
6130.495
4666.349
6578.273
1940.972
263.818
7849.087
7711.452
2531.056
7874.378
9659.863
9454.152
5211.955
4384.997
7387.089
1274.987
8947.7
2580.778
1162.636
8973.04
4054.367
3293.89
475.187
4542.631
2134.427
7111.163
6760.116
4978.558
5532.336
4752.204
3054.305
7752.27
3241.677
6779.346
55.879
8410.654
4384.136
2391.151
8992.576
8304.583
6372.762
615.984
8776.96
7594.618
3225.15
4423.584
6135.698
3084.941
8018.175
6689.094
8839.162
9867.195
3980.327
2670.807
1863.719
8380.885
9811.18
1404.191
9312.422
8454.367
2426.454
3049.59
4860.81
7703.357
4217.706
8270.957
7437.338
373.561
1705.251
283.603
6932.472
6915.589
9501.987
6903.055
5715.049
6866.119
4188.433
6541.778
6777.842
3632.481
3849.734
8904.595
2387.622
5868.128
2166.003
5637.386
4081.296
5231.868
24.363
6698.71
9547.024
2929.545
4095.813
3277.354
7646.374
4263.609
4855.374
9367.386
8671.863
7535.462
4754.854
9923.137
8912.834
6697.209
5250.263
8990.943
9703.577
5391.045
9366.191
4350.694
4881.323
4011.645
8421.136
5058.61
8972.632
8514.52
3071.656
4345.707
4292.946
6470.775
2146.3
2657.135
188.177
4113.199
8251.905
3038.368
2083.068
6877.388
5105.332
6502.878
9054.837
6600.522
8178.048
5133.614
9776.683
8598.035
5597.674
2596.461
2326.614
78.318
9943.128
9986.147
5239.811
7581.765
9241.922
8835.074
5943.247
1677.832
1053.65
1481.581
9583.638
5423.226
8367.509
5267.984
4955.095
5772.333
6567.923
1341.632
6937.581
2516.137
387.009
6981.092
1121.755
8845.666
1767.149
1199.235
1598.41
7066.362
5735.118
1831.427
9481.481
6362.973
8065.245
1745.818
1343.295
7682.44
5207.764
857.926
1053.485
2483.8
6345.036
310.938
7141.43
2808.903
4421.428
8260.71
8992.348
3337.213
6733.63
6479.898
9003.623
3929.56
6536.531
9667.046
3617.484
2039.069
9765.156
9030.563
962.449
6463.222
4803.748
3560.139
1262.272
9084.077
9236.319
2296.007
3348.941
7051.586
9998.611
8906.569
2125.477
2051.725
2547.191
2102.216
8759.317
430.936
8950.559
7710.977
8692.659
6166.326
6431.563
2616.6
910.721
5066.985
9741.31
5579.134
2598.866
8708.635
9163.298
9775.041
3200.383
8819.927
7014.582
3669.461
7965.141
9763.248
9317.855
1864.559
8238.029
7427.049
1657.932
1142.84
9153.701
7143.44
8468.886
9671.751
2583.221
9441.091
8900.964
1574.013
4482.008
3638.27
5782.257
9591.363
8287.05
5712.873
6408.813
732.95
4586.473
1813.411
5521.623
4037.769
2050.403
5648.904
5132.142
5331.541
6934.796
2253.935
2056.091
9697.019
5067.916
4528.603
3257.978
957.202
3380.623
9326.4
2431.331
2732.035
6386.605
7639.452
8154.965
1915.685
4329.232
8492.06
3132.639
7623.983
4453.184
232.676
6573.713
6905.15
7502.726
1899.189
3946.209
2647.612
1995.309
7065.642
5333.967
5183.034
1453.053
1515.095
5766.886
7581.382
9938.53
5327.258
2149.734
1351.033
971.365
4619.541
9983.497
1591.835
4560.333
2180.713
7661.897
253.465
8580.829
2421.522
7969.128
4932.044
220.558
1287.316
5010.231
1434.877
8824.102
7622.572
3906.366
8086.614
1837.698
6303.916
3891.713
5448.971
2366.303
9903.805
5536.918
4246.849
854.432
8899.013
8967.06
4006.816
4148.795
9622.503
3292.818
4108.141
9902.264
8826.074
9564.657
1529.352
4163.104
6962.553
6307.414
2047.011
9764.046
8822.128
5151.897
5459.036
8071.794
1463.502
5410.529
5619.786
3885.128
9268.188
6653.347
5278.044
8143.605
882.305
3757.668
5848.39
3681.44
7403.963
9493.037
7396.894
9864.117
8541.328
6852.031
7021.093
2925.31
9530.103
1565.312
4461.291
5069.527
2728.324
9846.829
4873.75
4085.453
9673.822
1959.782
8812.139
6989.623
2349.962
10.622
9023.508
7876.038
501.506
8956.778
892.419
9241.654
4221.628
8192.449
1690.859
4657.179
6807.231
528.241
7499.6
5513.568
6575.17
8180.534
5042.195
5438.652
4430.883
241.547
7968.563
8731.492
7454.517
9666.78
8086.432
3890.132
7891.287
5623.548
1287.576
2137.432
7608.212
9845.411
7763.027
2765.44
5304.354
7079.589
7615.413
1241.202
3380.357
2948.825
1014.531
5176.229
4520.536
1882.625
9732.235
9053.437
5969.817
4556.515
1995.892
3473.604
7880.422
8554.712
9353.907
9032.294
4614.276
284.328
2252.69
695.234
4283.168
5808.838
7913.592
416.236
3236.06
8120.48
1624.486
9502.265
2155.887
368.091
4835.238
1934.742
9513.803
2291.615
8679.841
487.093
6136.074
5132.855
7576.896
2045.624
9135.103
33.873
5635.904
8436.771
6080.631
2046.269
4057.512
1737.753
9838.497
3036.189
8350.995
5799.882
2658.335
6687.073
7309.732
9482.961
3337.841
6852.019
5897.545
6707.674
3831.349
1221.471
3675.357
4050.553
1384.996
2513.126
5521.733
8968.43
165.681
7711.415
4011.697
7376.962
2851.535
6475.477
9055.945
4960.688
9452.129
3699.957
2459.147
370.438
9692.015
480.663
2542.718
264.52
7756.379
9228.169
8492.875
5532.558
1591.861
3399.634
2410.72
5296.045
8731.684
8175.972
5406.924
9453.695
5879.199
4914.694
8690.966
610.046
2385.054
8028.482
8492.953
6599.887
8900.59
3135.536
701.882
5142.905
7202.073
1781.134
5980.363
8527.598
5002.317
1848.527
1170.556
1824.849
3225.007
5601.808
9689.75
5232.573
4825.694
6455.09
9223.674
4442.797
6924.652
7094.982
816.529
4685.087
9103.725
2998.291
5391.671
2810.519
7703.928
2217.427
6441.853
3533.292
685.708
5440.696
838.088
3002.397
8070.629
6364.195
4153.133
4569.369
8779.26
2191.412
3880.092
7632.638
7392.958
4835.859
5242.678
2152.279
5107.194
1167.142
7658.179
3741.617
374.252
4663.304
5527.672
8582.644
793.866
8671.241
6608.185
6118.776
9544.049
3997.649
1280.967
173.517
5352.675
7890.704
8488.906
1285.361
6159.91
4216.007
3918.755
8720.537
7503.045
9239.162
3019.938
7413.423
1976.766
4729.922
2914.018
1495.53
6188.209
3254.507
3432.217
9253.178
3263.687
5728.442
8918.6
5481.056
942.182
6865.399
7030.852
5063.18
3003.904
4938.252
3465.984
7421.92
5436.568
916.344
9341.012
4567.418
6238.886
5849.043
6686.914
505.033
5316.305
6007.983
3525.16
4485.986
3952.248
9050.814
4240.112
7726.208
428.056
7170.981
3183.562
8852.209
3689.806
5929.765
2492.511
4602.849
7218.525
6848.9
7998.953
9458.779
875.259
5901.724
8067.39
2286.037
6459.036
1974.366
373.282
8099.868
6474.456
7547.755
8254.502
4532.979
5604.285
5027.414
5878.014
7177.335
4248.227
5128.476
8822.326
7415.524
6834.067
2033.44
5895.926
7912.65
7322.561
5329.429
7354.194
5404.357
7480.397
6084.591
3362.656
7628.533
3293.608
5026.561
7171.527
4763.754
7417.851
9181.769
61.627
4928.162
6673.45
8664.299
2315.883
8539.626
9831.816
5627.343
5535.058
4178.653
3933.915
6395.004
8823.954
9773.361
257.011
6290.466
6812.978
9482.575
4646.934
646.374
3106.335
3343.072
3467.801
4925.051
1412.206
5533.011
8248.741
3479.325
2237.401
8197.595
2959.736
6094.182
9594.181
7282.865
7322.461
4915.491
7887.043
4773.257
7762.671
9940.749
1454.229
3462.59
2843.877
9854.683
3003.537
425.558
5250.418
365.663
417.659
693.574
2448.251
7215.388
9293.658
5812.868
7730.442
8412.464
8388.056
8882.919
577.728
4648.75
7325.882
3045.778
5338.966
5882.216
7172.265
2219.679
3765.505
5442.344
8339.576
9669.35
315.905
170.351
4667.013
8267.23
2988.181
1233.021
449.973
4052.594
3024.826
7868.982
3505.096
7058.95
9698.632
8528.79
9015.565
9305.124
7120.958
2193.676
3201.393
7771.329
4499.542
6643.566
1195.486
1936.097
1101.352
8079.357
8194.573
5282.161
6846.786
2558.03
1254.18
3659.686
9571.626
1403.123
6683.316
9672.188
479.372
1259.266
9039.506
8829.219
5704.67
3024.485
4635.172
1917.481
5357.704
2028.9
1559.733
6283.071
1728.083
6277.599
5053.26
7926.027
7646.346
6494.499
5432.11
8533.975
2126.931
9604.19
3873.567
3902.138
9703.161
2186.596
5833.603
8494.634
6683.52
7231.846
3342.455
8122.785
4392.244
1870.842
7485.138
7146.198
3442.859
2477.795
1602.764
7723.003
6676.179
2228.486
2937.652
7494.043
5096.417
2529.177
1833.843
8214.741
5696.729
2394.514
2124.34
131.772
2275.023
4273.61
4268.084
8911.772
3997.806
6957.066
7026.935
2777.824
6389.303
7735.194
8290.738
1720.531
6791.69
8258.14
9359.503
1677.719
3172.202
462.425
8543.709
6514.331
7927.465
6086.97
7982.633
1452.204
8951.489
3274.005
1394.998
6893.622
5576.88
3555.846
5179.76
3052.608
7053.929
3834.282
6384.266
1702.379
1392.71
2071.051
2868.301
6658.507
7929.395
3416.631
2998.673
8325.022
3092.443
6622.675
5678.518
6231.204
7167.163
6254.655
368.836
8859.663
2066.832
7050.401
35.876
4135.374
6331.468
3315.105
1797.757
9631.341
5202.766
5309.112
4006.442
1323.808
8954.335
486.786
9147.524
5656.142
4628.73
9949.498
7445.795
7807.318
7015.292
5249.122
6967.663
1601.934
1246.378
4044.764
449.6
3124.409
4498.29
5844.425
1076.85
1828.957
8181.187
6409.488
7662.689
2288.92
5186.91
1035.737
4289.517
3912.341
3066.53
8367.51
6906.896
6316.096
2356.79
3866.333
3476.249
2692.63
9560.855
7523.703
5792.664
3843.077
2260.674
1123.558
3812.602
4193.225
302.464
9138.333
8322.491
769.701
5091.908
1627.118
2957.241
209.506
3572.291
946.02
8335.802
8830.556
8840.54
1228.996
9006.742
7902.17
3575.106
6128.498
9089.681
1050.462
2912.552
1908.257
6443.236
7850.831
3184.787
5514.34
8619.756
2009.709
9634.053
4473.14
2490.505
98.664
623.899
1664.975
2050.254
6881.954
4050.564
130.986
5077.161
8936.349
5237.928
510.175
5411.155
3128.185
2393.592
9433.622
7942.013
3679.446
5989.741
787.305
9390.547
9589.176
7269.044
8144.181
3012.758
5100.593
306.51
7687.176
8425.21
850.905
5967.686
6544.609
5360.72
8167.402
9066.572
288.575
7050.354
8545.071
4766.888
2671.825
2672.033
7900.964
5968.685
8391.224
554.986
2271.099
994.058
7895.691
6605.989
8689.427
7286.997
7546.623
3951.292
3112.507
5893.038
2079.121
5540.249
3199.473
1841.258
1624.486
2293.854
4092.746
54.059
408.418
9621.063
3445.345
7720.829
1503.926
6272.903
4129.131
3373.992
1327.894
3263.817
3734.285
7153.485
4615.921
2303.862
2948.4
1052.421
3554.422
9978.459
1549.505
2463.83
9718.67
1520.376
6724.893
165.199
3550.339
7765.815
1759.194
4318.48
3426.167
3503.536
1629.68
159.168
3428.505
2819.615
6280.009
3980.143
121.186
2668.589
4951.949
676.941
3282.768
6527.911
3555.376
6612.768
1528.171
3183.191
8401.689
2489.793
7603.135
2303.632
5187.168
6416.283
2117.068
1251.011
6420.625
8184.382
4717.752
8278.253
5640.34
5177.242
9333.973
7617.856
2482.022
3860.929
7247.152
302.695
6064.498
328.572
9351.82
5371.465
6381.085
2876.016
3239.852
2250.034
1766.405
6977.227
4780.447
2850.876
677.962
5559.056
4135.848
9664.003
7393.288
352.287
8483.081
9415.783
1169.771
8253.055
1406.881
9272.909
2419.86
1052.624
838.503
2923.04
4846.072
8182.372
3317.814
7906.278
1399.314
200.522
3836.79
3455.175
6601.509
3186.127
6092.804
7259.591
5141.247
3243.086
8227.228
8982.319
4425.651
5371.262
623.678
2621.268
7890.334
9566.237
8706.043
3288.923
8818.231
9241.034
1165.023
4268.374
4131.555
1886.119
1920.424
9652.922
58.823
9545.547
6824.807
6952.44
7164.697
3387.7
8730.326
109.938
8692.373
6402.015
2175.522
9999.789
7073.855
1544.635
9385.027
3937.872
2254.582
6473.232
2907.768
8456.395
464.296
7463.381
3173.977
7422.068
2757.573
1090.259
2396.881
3326.97
8020.134
5830.748
3058.134
8414.405
4494.215
5607.731
2115.106
2067.114
8845.539
5336.955
1731.291
8335.786
8518.386
9710.909
8197.368
9006.922
3744.554
5472.944
9822.691
8932.11
4226.391
9344.128
859.002
5517.006
1153.093
9154.555
4003.659
4866.658
904.721
7429.692
5284.381
6800.368
7445.494
3048.524
9578.812
2927.695
1337.918
3606.219
2090.193
2165.936
1692.338
5102.819
8365.564
1516.725
3962.229
7932.13
103.534
8913.243
6724.704
7216.275
1184.724
583.656
9869.858
5965.199
3772.774
3383.903
9736.146
6434.597
7529.1
9194.047
1795.209
5974.219
5454.373
5920.234
5892.586
4681.084
6951.691
7606.262
8000.586
9121.853
8455.572
9695.903
8988.701
6443.511
847.931
8889.008
2654.689
9778.747
2670.001
8685.914
9030.083
5920.966
631.948
5892.004
9234.53
5360.483
8155.077
2549.025
4267.438
4527.813
630.047
3118.128
5918.422
4340.198
9406.758
4162.309
4001.558
7196.11
4283.576
5198.332
9158.65
9177.0
1288.639
9321.176
267.053
5454.471
6339.289
7218.091
1096.464
2795.93
1224.938
4257.877
39.813
6874.84
5467.298
7204.016
8742.995
398.481
9771.093
3263.65
5470.167
9534.793
2966.383
6769.94
8712.826
9055.321
2452.875
8606.249
8649.544
8821.193
7977.561
2053.887
1043.53
6381.722
6832.909
7419.615
9186.432
7207.658
4848.767
5806.14
5410.699
1070.703
2364.901
8095.878
9829.202
6143.626
3612.771
2021.8
3139.024
6721.506
5180.59
4996.789
7567.55
7656.121
2376.776
1032.618
2165.964
9113.086
4853.907
2798.182
8590.19
5748.884
606.068
9461.113
9738.12
7088.059
4977.65
768.876
2286.757
5542.74
4445.213
8380.824
6506.781
5359.148
9601.163
1872.493
2117.881
3554.907
9202.028
9794.73
8601.548
1259.237
7474.938
4006.591
8361.238
7603.033
151.096
9491.236
7958.297
5971.083
133.287
7131.04
3692.419
3163.274
6243.161
4058.566
8726.233
7034.426
9064.41
7910.891
2149.639
9505.548
7078.867
5398.254
1541.866
3274.208
7889.516
2611.445
4854.376
9145.475
5043.59
7291.029
5708.412
760.71
8482.819
6420.105
5967.224
1886.918
9860.433
6047.415
9333.343
8811.694
5185.036
7439.32
5912.752
8925.508
7384.861
6777.496
302.77
3084.947
110.182
1543.858
5567.237
7491.834
3103.752
23.457
9341.422
8065.989
108.086
4112.662
431.878
2260.908
1691.045
2894.728
5672.915
2858.959
299.562
306.527
8753.782
2535.744
8747.362
530.401
4374.753
8394.694
1430.999
8971.619
7945.289
840.211
9609.863
899.068
107.608
6279.158
4833.008
9064.591
7901.704
2022.425
6877.956
320.369
7444.797
5402.765
4143.366
9229.014
4827.22
8566.475
717.417
9215.597
9698.058
4466.663
1438.958
5478.588
2730.051
1307.664
6876.119
5800.569
1401.373
5359.173
2977.826
4350.728
3634.476
880.604
1640.424
2136.197
3999.714
828.693
7890.822
8184.699
111.879
7082.727
5886.02
7539.179
9960.473
7807.615
7365.709
6804.525
8430.822
8355.66
4760.166
8595.306
7839.116
6674.598
1255.664
7704.283
6088.871
1158.112
1909.308
6615.583
9088.679
152.389
5571.878
5867.339
176.196
5726.446
824.084
461.977
785.874
8222.179
8366.547
6991.861
4682.25
3972.873
5204.368
6326.237
257.334
8597.78
50.923
1848.153
4767.849
4378.98
1288.55
2879.106
174.628
3761.845
5594.456
7331.602
893.779
7160.555
9896.683
539.893
8873.961
7262.85
6193.472
6325.626
3033.937
9291.223
5255.082
9158.332
8210.889
5285.67
4156.953
4288.476
4205.487
9726.989
5764.5
46.257
7614.533
9372.527
3976.675
1783.395
3385.472
4751.676
1211.36
7046.266
8815.896
2328.854
941.317
3931.897
2874.042
2517.456
1269.589
6857.465
7389.644
4870.743
3294.409
1035.405
5130.21
4341.349
4133.58
8696.02
7752.062
1296.875
6029.849
3459.623
4834.8
1883.854
2981.653
1557.841
2656.648
7127.645
9234.699
9510.584
1226.927
4512.412
9214.359
9586.266
7833.171
1440.894
701.653
6224.81
3547.464
320.716
5237.952
7827.368
7955.268
5475.23
4496.982
8215.588
3770.818
46.009
7230.989
462.347
281.618
8392.27
9871.148
4231.285
4186.639
3436.772
6520.829
7431.945
8838.78
2360.69
5829.695
7136.519
8180.049
59.696
340.062
2906.15
4577.306
976.564
2734.406
22.978
7594.565
8590.713
5894.308
8211.385
7863.116
8459.47
8201.677
5953.587
1203.011
4304.152
3371.701
4315.634
3149.647
3679.409
8368.431
7664.153
7487.097
271.422
3746.409
8324.981
6655.826
2834.901
2951.613
8867.258
2763.788
5836.04
5083.644
2904.154
335.543
1174.695
4481.367
2524.069
9131.673
6720.541
9178.1
9630.752
3031.409
7799.765
994.172
7455.465
8251.667
4095.45
1658.344
3128.484
9938.222
9439.062
8317.495
6412.342
1795.719
2026.919
4406.373
7668.113
2968.415
8357.215
4516.923
3542.75
7622.902
2361.007
7606.854
1561.547
7224.047
5416.2
3154.868
6190.294
899.697
5214.092
5574.489
8932.557
7462.801
3868.692
4198.641
4235.482
5010.321
7762.87
5540.759
4713.302
121.181
6210.178
731.352
1925.589
9091.741
684.457
7000.213
7480.59
947.317
899.302
1938.269
3341.073
7204.723
9604.917
5127.652
6383.903
4776.462
3088.73
29.302
4934.402
8946.144
3355.28
3742.335
8112.611
9868.256
3954.205
6331.86
8730.139
5858.181
8408.373
4893.761
4084.406
2472.374
9926.149
6479.999
5674.795
8024.68
9988.376
1767.088
7782.797
3433.043
4725.397
9099.232
556.855
7501.862
3952.888
6459.396
6113.202
8196.858
9122.868
8373.034
9780.001
7.586
5307.104
6237.307
2759.53
2371.891
7038.491
356.868
3602.48
8845.996
1632.69
7256.648
2974.213
7500.285
3131.289
6349.07
5819.973
7193.747
9258.049
587.339
876.272
6663.147
5459.315
6260.12
8349.544
1060.272
1105.326
6945.94
792.032
395.619
1278.218
6818.3
4791.033
5076.006
5749.361
8597.28
4776.886
8979.136
7638.033
8573.781
3456.881
2677.167
1525.773
13.225
2506.963
1328.984
8758.63
1920.471
5747.055
2986.191
236.768
5542.238
171.675
3600.025
7883.856
7634.681
1174.135
3633.921
6277.887
3023.954
9380.942
4674.271
870.598
7886.743
5850.838
4962.235
5089.191
8789.485
6081.104
6674.567
6522.798
1839.755
8513.265
3492.947
7414.857
1487.532
7422.472
7768.571
4724.945
3096.561
1177.014
6137.887
2100.326
729.416
4453.531
2446.896
3085.733
3467.299
1899.218
3013.742
9039.643
7897.667
2233.118
1728.174
9489.715
323.181
4046.734
1035.614
687.989
7790.171
6962.9
8250.11
1897.174
5890.983
7463.892
2150.166
5233.41
9718.109
7295.074
9140.962
1255.285
8815.056
6397.076
709.042
722.552
6565.849
885.58
9836.721
2040.426
6351.6
6753.6
818.599
2422.056
9313.165
3168.77
863.101
8523.504
7419.506
8363.769
1354.824
2331.358
513.073
6247.194
4419.772
1609.983
5129.44
9365.528
1707.526
4895.301
429.044
8264.082
8828.542
3054.639
7767.773
5813.26
8845.605
3645.921
5642.417
3538.473
2637.488
1578.848
2548.361
8604.985
4979.343
2663.135
6207.816
2901.433
4381.994
9814.366
661.618
7693.944
2773.343
3824.617
5112.301
347.021
3571.639
2914.027
5328.074
7418.784
9559.65
1276.03
5723.283
7144.794
9860.628
9707.6
4782.395
9089.416
3536.963
1735.843
5681.772
8912.531
2725.427
6476.817
860.693
2027.831
6475.495
9486.503
4224.962
6773.745
621.214
7045.197
4089.844
3435.1
1605.534
444.084
1197.796
5201.323
1452.782
7755.502
4313.097
8725.559
548.401
4617.298
8668.946
418.413
8662.264
2959.907
1643.945
4394.104
1994.358
8240.044
1743.531
4722.016
2754.495
461.799
5169.848
3940.667
783.079
5637.004
2104.339
667.704
1375.403
6718.651
2196.354
7165.047
4573.454
5739.389
3489.994
1819.519
1414.551
6466.45
3712.803
4762.076
3996.831
6218.367
6164.138
9568.195
8544.012
8193.622
2364.656
4910.836
1926.473
9394.955
5256.302
4607.849
8477.521
4099.53
233.424
5881.238
4316.41
5417.427
8500.62
1001.138
9803.953
6572.66
321.672
3392.704
5139.001
4935.193
5803.693
3497.554
8098.405
6916.043
4632.391
6127.932
5116.128
3538.372
3251.562
232.336
7769.294
8405.995
1101.84
9465.618
6591.645
1046.794
3431.295
380.986
1494.897
3845.314
6093.752
1686.233
9108.581
2416.15
4887.477
5397.892
2641.692
9313.723
1963.375
1615.251
489.639
9632.602
6305.572
9822.97
3515.797
9315.001
9924.933
9595.541
9286.47
7094.741
4590.341
5170.084
8119.959
6418.602
9986.882
7692.733
3137.427
5988.5
4469.869
1086.592
5653.303
835.515
7953.637
666.671
5205.988
7926.424
2286.603
6487.178
470.166
1001.37
7563.796
1968.85
2036.272
9446.401
4564.15
4727.26
5199.487
2176.537
3103.912
789.337
7731.544
7894.089
4186.325
8532.739
2705.984
1240.041
9808.536
3319.753
4159.922
2224.021
4473.606
1518.671
1134.31
5345.203
7010.589
9882.386
6012.563
6111.82
5565.319
7940.437
2580.739
8987.564
794.699
4885.31
3133.131
9143.096
2187.95
6946.575
7723.965
5485.865
9400.766
2339.259
1102.586
2999.407
9233.554
5154.013
4329.222
6163.661
5133.332
4090.984
1942.881
1082.96
8517.447
457.579
8980.528
3045.973
9891.482
6741.562
8063.995
3387.792
7228.279
1209.767
1983.974
3083.891
7874.93
5034.488
5760.573
8490.29
811.563
9685.601
1382.77
2753.749
1365.809
5914.764
8338.958
6436.169
6307.203
796.014
2496.585
6089.165
8240.103
7109.394
870.104
9695.452
912.002
580.457
2732.587
9108.576
883.688
1859.89
9544.979
6687.951
5199.521
6787.174
2758.299
2425.181
1422.124
5409.578
4002.01
6212.259
7598.458
5655.111
4652.563
9527.841
4815.439
1236.028
2529.326
5286.564
3088.512
9710.559
4445.288
5086.086
5600.905
112.055
8830.777
5586.817
9321.158
277.873
8263.668
9700.913
3558.77
1522.044
2440.419
4595.782
4118.76
9935.311
1908.979
9278.834
2354.689
222.768
8411.809
4374.039
5964.233
5135.085
780.959
6651.747
8388.945
2257.448
2189.189
132.92
5576.597
7012.441
4340.436
8718.027
7117.462
9862.014
3119.691
6503.298
2525.903
1660.31
3036.533
7753.283
2522.926
7859.409
6091.034
5105.001
4553.023
6925.872
6556.831
9619.046
195.136
4880.808
4511.943
564.136
4377.816
9108.251
2635.35
8712.539
9714.684
2657.277
4100.582
1464.566
1128.791
1446.994
2972.505
2158.879
7682.003
5615.623
2233.557
9530.743
6512.294
6540.494
1735.346
229.985
1277.29
794.796
4461.106
9150.165
4188.267
4962.821
2780.733
3036.698
4753.291
6040.225
141.224
5998.229
178.845
3006.666
8033.632
508.744
4258.568
9985.095
2977.53
540.798
9029.733
1053.142
1199.338
1910.172
8368.061
1952.935
9732.035
5866.398
2336.586
5128.323
8129.995
9760.541
876.377
6956.52
7454.23
2148.745
5862.012
5.686
6335.555
1783.493
6476.404
6335.118
367.821
5548.327
733.579
7040.435
7562.113
6620.26
9558.393
2478.775
763.843
7505.556
8439.925
9504.882
4385.72
5834.516
4383.354
410.389
9507.684
3404.613
7643.172
9732.949
1291.508
639.408
4935.744
6316.964
8320.993
1274.889
6159.939
6928.276
5564.867
1895.683
9178.984
4113.031
8599.779
3259.748
6248.539
7039.469
1006.785
1687.889
7232.367
7594.365
1511.431
7662.076
4902.9
7514.182
8841.95
147.2
1627.685
3314.326
7108.178
6437.923
4512.341
7082.437
7727.783
9048.63
493.591
5989.783
3219.293
9912.604
9863.586
152.744
1378.78
4760.245
3652.659
3341.226
5623.739
3192.11
4593.898
977.854
9801.212
5416.961
8425.569
5857.335
5511.872
6275.907
8872.6
6550.66
397.194
9981.183
2574.404
4861.124
1674.942
8918.717
9613.594
29.855
3939.228
1355.98
1970.694
4618.813
8234.177
5894.259
1850.7
2341.666
8553.775
6916.258
1034.941
5084.259
2336.917
5202.481
2735.246
5809.711
8260.441
1002.015
3146.557
3207.499
7130.317
7963.087
8179.605
1002.999
8242.664
773.519
4723.672
905.2
5213.108
7299.079
1906.165
6934.874
4166.455
1250.698
4399.375
5035.433
329.217
1031.104
953.32
5838.127
9923.58
8293.363
9405.4
616.824
4007.242
4933.911
3419.64
1052.73
5738.783
2456.952
4850.009
2462.579
8094.197
2022.515
2982.191
5689.429
651.049
986.941
6510.821
2806.663
6196.945
3657.57
3592.295
4336.867
5202.713
9873.951
3274.397
3554.677
4890.927
3743.506
3202.308
8830.772
945.499
9960.239
5840.843
1125.243
9724.456
1188.773
5152.636
9492.581
6764.203
8031.043
4878.352
6819.141
3787.008
4522.87
4676.942
9214.26
1010.198
956.66
62.807
875.248
688.177
7618.692
9475.485
6744.529
5496.412
7379.209
8781.998
6620.775
9408.137
7275.784
2003.081
1639.534
6607.666
3149.846
2555.354
4745.283
5173.798
332.251
346.213
261.55
7375.824
3982.67
7685.597
3813.898
470.917
3414.187
2274.658
3199.784
6034.058
8662.998
5811.578
2619.21
39.044
2151.689
1140.359
6156.581
8042.337
5179.263
4708.911
1225.112
4574.374
1733.55
2408.056
5313.133
8584.465
4058.473
2477.657
8707.465
86.535
9782.837
6196.536
954.532
9395.619
7292.81
2685.293
8145.171
2240.077
2764.082
6724.161
8072.092
6444.106
7167.625
3436.642
5732.966
4740.303
7050.933
1870.179
2411.527
807.013
4970.493
1536.426
7704.028
9663.354
4795.143
3386.856
3673.933
5526.635
8098.919
6683.772
7559.441
4112.683
4965.435
5620.242
8352.776
7733.778
1689.894
5157.871
309.569
809.342
5280.482
8693.718
6257.131
9514.46
3839.08
6197.382
4664.122
2223.358
1763.71
486.478
9770.194
3489.487
1138.902
9306.121
587.573
2976.331
5256.077
5635.352
7042.453
8555.209
2904.381
6023.175
3158.986
6973.532
7698.046
937.47
857.221
6721.274
5398.265
7293.899
2719.277
3182.109
3780.814
3903.997
3576.892
7814.209
2389.906
49.932
1959.211
5634.783
521.783
8119.892
8726.921
2362.069
7069.149
1025.957
5870.583
2685.704
7381.263
4340.735
4306.094
9400.403
3246.393
9414.844
1275.115
7805.41
8862.517
1473.985
8657.712
1217.247
4189.063
9687.515
6477.388
9756.028
3521.099
5431.6
7320.486
5038.163
8820.399
8772.358
1990.187
1194.066
6667.076
7643.542
3760.091
6493.776
4723.184
7221.756
3915.904
5158.651
9142.376
1748.386
8187.987
9585.227
5717.223
4139.319
9188.164
5280.745
9319.802
1966.999
8025.576
3869.815
3879.05
1577.307
3069.128
7676.356
3105.122
7418.031
6239.779
1928.859
2344.563
9902.644
4734.748
3358.122
9069.824
5153.509
3614.925
4996.384
6691.017
2671.74
5296.504
8980.789
1817.887
5418.793
9370.069
7271.011
1679.738
1110.483
8512.526
9409.626
9529.28
9694.422
9861.611
379.311
2624.354
1902.436
7462.097
5197.695
3760.158
9989.816
2309.536
2445.995
8754.884
2766.427
2054.61
5333.947
6820.147
7512.608
7034.416
4181.215
8492.388
1193.056
245.999
4186.955
285.728
25.844
5306.494
6241.7
4743.439
2225.651
5294.426
7894.409
92.242
5056.877
8662.142
7289.773
5527.987
3784.762
2003.954
898.792
9619.102
8683.724
5698.065
5474.439
9290.356
5577.696
875.497
6767.422
3222.208
7783.01
8462.792
7257.14
5439.775
5528.667
1666.106
1411.882
2658.271
5516.013
2967.661
1040.919
5155.167
6751.108
1248.468
4503.337
9647.62
7330.631
6392.596
608.95
3444.274
1605.984
8413.567
1078.006
5308.344
7178.294
1052.609
3899.679
8215.773
93.111
4512.006
1145.091
9692.911
1768.465
4835.843
3818.404
4535.125
966.308
3621.476
3653.998
8338.06
3329.844
8286.104
477.528
5221.68
8418.621
787.63
9472.397
70.967
3898.115
6328.464
6134.231
9440.842
574.709
2722.102
9766.098
9848.063
7635.965
1842.455
988.649
2861.39
6152.395
6815.659
4616.06
9436.45
8676.689
3874.641
5045.173
8699.299
400.627
1331.394
6807.017
7412.045
5831.646
7874.182
8975.766
7210.962
8537.874
7942.596
4049.74
7794.245
9574.007
355.849
4145.021
3697.365
9702.349
5959.923
2136.963
9268.548
355.121
3142.166
8106.523
7635.57
5358.944
4651.621
2288.858
9109.383
7422.087
7921.401
2251.966
9079.828
8544.826
7355.234
9505.399
6707.874
9036.711
3313.365
1156.27
6879.052
4535.655
4876.501
5610.738
182.515
2530.25
3462.647
2080.961
5367.344
2478.425
4830.523
5071.279
3967.86
249.355
1204.834
8259.538
7133.319
7573.591
4980.527
2073.061
2313.158
9461.61
1027.693
3305.558
7306.232
4962.036
4213.003
1428.127
8972.127
8405.073
7859.993
695.744
434.926
8261.768
4397.784
5502.47
6626.905
8628.329
8918.756
332.312
540.555
4959.209
4971.824
6872.563
3226.087
286.245
7425.216
8690.452
657.57
6511.264
8367.906
5485.325
3340.433
227.653
3028.618
1918.598
3128.379
371.375
7306.569
6651.933
9128.042
5942.92
661.554
5841.476
652.604
9243.447
5522.899
596.099
8805.814
602.278
5934.802
4979.91
2912.934
9569.804
3962.133
2107.958
8238.433
840.211
5854.289
3685.071
5440.378
4673.213
7205.199
4008.686
8573.3
7465.098
8265.689
7236.701
9286.353
7307.466
8856.467
547.972
9146.319
5053.301
4760.615
5594.888
2335.567
3412.364
3820.055
9680.251
9364.144
9829.134
5617.379
4530.083
9570.378
6691.367
4917.442
4798.482
7669.888
9229.571
3793.971
317.703
4280.782
4929.736
1008.637
5984.729
6622.142
8702.557
5626.901
5467.431
8764.814
1790.102
631.169
138.508
6596.632
6308.726
8423.941
8659.807
8481.998
1315.507
1072.429
7521.441
1529.055
7340.617
1460.967
1458.274
3406.765
4660.279
7068.006
8887.432
8232.013
1005.938
9438.51
5764.87
2151.639
9756.724
9194.483
63.215
2058.128
2533.552
5502.208
2763.38
2568.928
6420.624
6482.312
5326.425
8855.959
4514.875
4338.613
8796.169
6831.807
9114.729
3826.391
1400.916
2298.037
9143.71
4620.759
7941.722
48.426
1.71
2448.95
4281.495
864.1
3328.736
2508.851
9879.19
249.177
9682.27
7830.184
996.961
1984.335
231.246
8598.115
1642.923
6467.078
7342.284
1774.868
9025.579
1734.223
9340.246
7763.47
2386.789
6721.507
7604.586
7593.352
6099.625
5470.309
1150.393
5591.694
2992.745
3391.488
9610.635
8946.457
9442.22
4136.558
3957.809
5668.55
8874.73
5943.874
5202.306
7299.888
8791.17
5130.442
5927.491
7390.843
9608.324
108.022
6294.946
5388.553
2703.824
2827.31
958.187
244.735
3425.713
2479.16
2903.665
1530.785
6794.734
8910.17
7838.6
7022.652
6158.853
299.538
6307.753
2829.571
703.832
6468.189
9134.782
996.128
1066.653
2025.048
8849.97
3199.864
7301.064
5332.076
2913.193
2640.685
1602.189
2032.807
7163.821
9793.773
1098.668
5040.827
7227.594
4920.236
3346.319
2174.718
4325.289
8277.963
986.637
8084.091
8238.124
9309.686
6806.64
1360.575
2864.607
6434.813
3222.432
6076.321
6271.984
4324.488
4338.311
7661.378
6293.618
9910.418
3647.35
6053.103
5111.943
8887.242
6640.527
4336.0
9076.633
6405.231
4614.315
1362.72
9037.216
9704.232
2788.001
3640.718
2619.288
1196.993
381.977
7073.376
6614.639
1851.363
1777.156
6964.756
9581.146
6598.528
9238.295
1295.52
8714.231
2394.373
5765.504
5444.296
1819.099
4292.143
4174.061
7232.992
1360.634
6581.059
1578.861
8995.6
6419.213
5459.042
6397.223
8430.392
466.176
5187.119
9513.863
6617.173
1611.413
2243.873
3892.224
7554.643
9200.17
6337.294
853.355
1644.9
9908.648
474.034
2835.045
4136.57
5623.446
445.174
1673.128
1660.604
3674.364
6927.682
6409.422
1614.701
1218.294
8051.55
5837.046
3314.206
3030.961
6553.533
1757.818
2194.454
3965.231
5358.554
3117.399
5938.408
6479.823
8163.369
2706.74
6765.925
9493.6
6516.033
3852.101
4295.046
8809.039
1935.208
1613.697
7248.855
7999.147
3888.22
4482.743
3386.535
4712.519
104.747
9987.946
3953.909
6526.893
6683.223
2184.792
3528.788
3892.859
377.954
5881.651
6290.283
5479.944
433.804
6417.426
3147.871
2411.566
4369.991
1269.179
187.606
4815.313
2847.38
5453.214
4965.702
2362.318
3078.463
6800.612
3570.483
5624.619
5397.309
3762.975
9425.034
2634.094
844.508
2107.604
5230.435
5364.726
15.912
278.707
6701.08
1927.339
4193.729
7604.711
9813.147
9474.758
9973.92
6247.468
5873.022
5288.833
2808.435
1265.601
7799.761
2863.426
4533.223
846.339
6053.211
1030.051
7260.749
4230.693
3886.535
3922.886
2226.162
1337.419
6961.886
1870.342
5809.57
3756.936
9180.777
885.577
8925.024
1699.2
2490.522
2708.218
6006.489
877.552
4727.593
4388.212
6767.73
2912.015
5211.833
5064.884
2411.032
9302.177
5341.851
600.9
4532.312
4907.053
8240.473
4769.204
9400.176
5329.793
7291.254
6519.67
5951.499
743.419
9833.172
2639.46
8941.344
5078.907
3028.845
7694.383
5818.415
8429.336
661.643
1382.785
3553.467
4007.705
7935.339
4240.542
209.705
4737.842
4555.421
682.237
5599.029
1086.685
7593.078
8993.962
7763.076
3873.467
8581.859
1344.952
6278.458
3429.985
7741.748
5446.772
2051.398
3685.748
7862.015
8918.393
4138.748
2865.46
3015.136
640.694
5333.819
9349.596
1515.432
8871.119
1463.23
7631.633
2865.036
3242.838
1115.98
7260.001
4466.352
897.045
611.063
5790.137
7003.069
5064.095
2977.532
4069.738
6111.398
913.725
2394.236
2166.198
2202.228
6866.459
3206.178
255.515
796.621
3997.913
4110.762
6104.2
9930.643
6188.287
9668.766
7466.88
4608.157
981.945
1542.532
3661.847
4581.274
472.472
569.012
3157.802
3182.674
1701.728
3800.931
4863.172
8934.19
6286.74
6676.663
3081.981
282.3
1096.651
2031.504
7993.129
1459.575
5618.365
1857.286
8813.413
8951.124
6684.54
605.413
1834.697
6423.195
5261.103
1643.854
5756.479
3968.753
9494.525
7345.314
9948.846
8971.723
1430.696
3424.375
2739.272
436.515
4376.885
3110.146
3848.719
9829.827
6359.825
6659.014
9586.525
4736.713
8191.298
2997.883
4978.438
6500.526
6387.844
3381.205
9037.949
7978.812
9459.501
1234.969
