2555.982
430.221
297.189
79.034
112.762
3921.993
4614.763
586.396
1159.84
4164.613
195.918
4061.125
3311.197
3262.703
1007.211
2023.994
2985.129
1131.674
4021.901
1613.502
112.041
4150.681
792.532
3312.822
1321.442
508.253
1172.062
4106.562
1691.167
325.839
168.339
1523.032
1342.077
138.019
1824.489
844.873
2683.017
2793.813
1489.435
847.562
2245.271
1966.34
3254.078
4913.481
1874.654
1613.547
807.733
134.172
2260.432
2342.44
4537.708
4575.271
2564.181
4885.129
1460.067
2146.232
3450.883
4655.973
2973.732
4484.307
3435.676
3043.586
675.213
1319.652
3013.173
1291.235
3178.697
835.841
4875.821
2620.805
4737.664
4880.417
2965.467
2117.543
2111.38
990.175
4986.762
4535.93
4953.211
1358.666
273.507
1802.333
4862.759
4370.032
1560.643
3005.876
4291.695
3258.486
3414.255
3933.861
626.882
2293.417
4969.634
2611.023
1940.122
3751.82
3850.957
4574.189
2332.56
2204.54
4003.385
1017.939
637.963
4644.384
3378.675
789.213
2322.976
1146.476
996.926
2501.212
607.373
4971.383
12.468
4521.836
3228.487
4865.256
2970.019
2847.788
4346.414
1550.014
3716.444
3567.233
3015.384
1649.052
4587.411
4391.326
3575.399
4156.673
4757.895
2154.82
2634.418
3579.474
4190.597
2667.172
818.807
1798.126
1703.807
1043.329
2671.691
539.72
469.392
417.885
3540.474
3357.96
684.395
2934.171
2967.579
445.042
3091.819
2805.96
642.879
3973.423
3340.486
1572.825
686.413
193.646
4462.531
923.152
4630.2
3443.077
4248.481
240.132
2141.788
4472.705
574.077
4542.2
4053.675
1874.601
3012.343
2555.493
4179.389
1498.874
1279.592
1925.219
486.626
407.559
3246.705
4870.028
2481.817
1861.989
2495.063
2227.581
1913.716
3718.144
4186.477
4932.027
3574.484
4670.035
3069.015
4681.736
3885.858
4510.476
2187.416
495.847
547.924
3949.092
10.0
1225.986
1504.109
1747.001
386.465
448.463
2360.873
2427.961
2269.666
664.488
4423.086
179.606
1229.76
900.907
2901.596
1459.927
3625.809
1927.135
587.521
229.082
4928.598
4270.719
1181.653
360.589
3169.347
228.87
3734.164
2067.254
2634.115
2652.172
4623.438
4118.344
4797.06
167.568
1984.801
996.353
4164.997
3137.883
2835.715
266.711
1763.297
1462.367
1040.103
1730.003
4398.817
2869.697
4620.602
3034.436
2240.714
4035.405
3821.107
850.61
1627.445
4400.84
417.274
2986.034
3881.918
3136.842
2865.317
4594.503
2688.69
4413.928
3519.192
765.601
1688.647
3968.925
2835.854
3732.051
2069.46
4823.655
4275.753
2799.804
3340.932
1378.38
2967.817
4130.095
784.405
4932.516
4050.593
2825.824
4108.386
3651.123
4711.755
1115.072
156.113
3391.722
1520.313
2772.459
3810.286
3555.35
3026.802
642.605
2027.925
903.593
1882.134
3097.931
2322.237
4715.191
4701.393
2321.994
3868.563
3889.723
612.634
1212.555
3806.974
4880.77
3322.56
3067.402
968.285
119.057
1932.087
1690.544
776.288
2812.543
3668.328
4443.747
2579.631
4097.329
3887.382
4832.416
3890.147
3749.702
4778.962
529.629
4496.773
4687.455
1328.473
2518.584
1585.148
2541.899
2187.305
1001.678
1078.347
1234.261
3371.534
2403.65
3110.875
211.96
3346.403
298.05
4581.711
999.484
2705.309
4312.929
2325.129
4211.044
4337.093
925.192
4537.565
1391.01
2888.472
2153.033
4942.019
2555.123
568.194
2053.757
414.467
3942.507
3466.865
4441.332
3516.909
2860.001
4135.649
106.834
3449.356
2063.136
2508.639
2396.918
2569.911
943.264
3459.583
2154.05
2257.787
1686.146
4498.572
4383.397
2342.124
4497.672
3275.174
3013.461
710.571
2277.082
2928.816
23.176
1175.372
4275.263
3938.144
1877.453
3042.37
1346.184
301.168
2114.219
3141.206
551.235
3930.651
3895.625
4010.396
878.372
2252.564
3742.4
534.099
2583.425
3711.375
1171.961
3645.202
2575.566
1207.334
3901.987
4120.728
4696.714
2514.707
1134.044
4197.207
3413.013
80.822
4966.504
523.257
1147.243
135.523
4471.742
2617.167
3601.858
2588.467
2301.827
3899.592
101.059
4257.889
1995.132
872.359
2790.102
4815.68
3678.598
3747.647
1618.053
226.13
2602.415
57.813
2732.916
3457.931
4896.311
1085.885
1370.759
2046.005
577.453
996.115
470.138
3448.002
969.373
3074.838
2413.926
1135.072
4764.917
4908.504
3864.985
1486.804
90.879
2115.933
412.266
1323.868
1709.355
3591.35
4244.277
1629.507
2930.862
2992.3
1745.626
356.505
3187.324
3428.576
2.64
579.065
2078.32
1752.442
2852.711
4087.379
2911.521
680.091
635.439
4915.19
248.102
3751.884
4402.552
3973.162
311.356
748.393
3725.865
42.718
3469.865
813.435
1540.004
4053.299
3251.259
3774.971
2175.37
2254.705
4903.263
161.006
2423.506
4151.712
4920.468
3102.209
4980.725
3722.66
2074.607
3468.018
3038.881
3182.133
2244.383
2824.769
1806.402
4881.802
3268.067
763.529
2507.674
3536.468
2477.617
1508.277
4340.732
3064.293
3730.667
354.875
4094.504
528.787
1813.029
300.512
395.244
3311.16
1870.02
3645.608
826.745
2455.832
1667.212
1233.436
4471.236
4256.896
4309.352
337.283
1595.367
1768.55
2279.625
1313.916
2976.763
1848.278
1582.006
2650.61
4837.149
979.008
3219.344
1152.23
2168.893
1001.805
4817.299
2219.566
3654.585
276.192
2823.601
2150.748
2132.584
2126.484
545.939
4349.839
3050.804
2639.764
4286.221
4401.948
4502.491
2472.331
214.895
936.858
3156.453
1911.512
3610.293
4087.409
3178.417
1471.991
1927.017
2664.281
399.435
903.458
2368.951
3312.172
3616.09
3127.7
4570.024
614.889
3305.051
3237.951
3800.579
3202.067
2309.217
2411.108
2716.471
1421.372
2280.861
4493.698
2529.432
3325.994
2548.804
3338.812
4174.599
4134.167
1630.168
2872.34
3648.56
313.634
1533.503
3895.706
777.564
2606.371
2326.107
3849.269
1007.256
4232.014
625.156
2033.82
830.885
4316.552
3396.966
4255.151
3276.521
1534.261
4654.165
4718.217
218.361
4682.888
3734.183
1179.343
4295.373
4927.204
2176.66
1481.502
2133.156
3110.882
2998.018
4763.281
390.201
3594.653
2786.411
3808.414
4830.859
4875.874
1818.639
1157.482
2349.1
2895.147
1442.993
3912.363
3786.244
4721.066
1109.209
4787.896
1705.525
1402.066
4590.676
221.876
4453.465
922.708
1259.123
3051.881
655.377
995.262
4736.047
1912.884
2167.941
1119.723
197.496
1220.221
3244.215
1894.703
2435.088
1792.333
3965.198
823.765
2115.52
4816.413
1777.355
4351.729
499.629
1000.138
1063.386
2921.628
4671.85
4724.658
367.437
779.603
3271.076
2477.94
1311.782
829.109
2929.483
2151.318
4990.407
512.851
962.805
4164.241
1043.947
3914.539
4626.72
2758.109
3339.556
4387.192
4958.621
1345.24
2485.932
2692.422
4923.958
3396.348
3817.871
1555.836
1368.74
2132.542
2793.386
410.06
2658.895
451.812
2833.857
2075.152
1103.975
4950.351
1048.125
3972.307
236.034
778.699
1888.699
2709.739
1461.804
2092.518
89.661
4776.004
3718.538
2108.37
3075.113
2026.515
4666.39
1342.735
234.331
2652.236
670.251
3563.528
2217.47
4667.127
2519.984
2917.306
4732.228
353.683
4502.858
2010.771
1341.392
556.123
2937.318
4447.383
2457.102
4999.2
851.705
2148.554
4574.841
382.959
4614.104
1334.617
2711.909
1359.109
3909.029
4747.743
265.196
4566.7
2789.709
4622.466
2691.905
1037.803
4740.65
3132.986
1073.824
542.045
1459.246
2610.855
1068.076
2169.646
3994.391
2716.798
389.13
6.751
892.565
4335.127
1190.678
151.093
3594.657
963.294
426.774
3663.261
156.172
3773.515
3254.142
2486.05
4016.632
3949.372
947.961
3849.553
1165.493
1101.425
275.69
4865.126
2163.644
2342.209
2409.207
4636.598
3315.954
368.642
4058.75
3671.033
3565.805
785.449
4878.537
799.247
2600.175
1939.317
1024.835
2754.115
2357.378
2244.578
3270.942
2102.501
1823.034
3869.016
592.051
1115.293
2968.026
815.0
131.473
760.819
4979.137
168.598
4844.05
4470.181
2426.314
1651.127
56.35
4477.693
492.326
1472.272
4035.468
1785.833
4342.479
72.809
128.143
2287.828
2290.015
3702.422
2279.298
4292.628
3899.529
3095.016
3170.858
1095.713
2412.825
2841.187
3401.043
3072.196
4048.148
88.112
1243.817
2848.442
3519.431
1772.289
3084.94
3530.466
641.014
1151.153
3725.633
4569.734
4465.182
1528.733
321.599
1204.03
2673.88
2811.743
3613.861
4787.702
458.458
4717.645
2236.022
4836.936
3260.916
3736.411
2276.766
4686.041
1274.59
2737.366
620.476
1621.176
711.914
258.263
3097.564
3033.567
4154.614
4086.683
1110.64
2631.515
4251.875
506.871
3720.931
4655.736
3712.356
4520.106
1458.945
3298.032
1694.603
3156.181
4234.417
4595.239
2835.363
3917.663
4678.476
661.002
2399.667
4854.04
2366.091
2427.156
521.948
4519.054
3132.216
1708.903
3797.15
306.507
2166.277
2122.803
3375.76
1572.394
718.355
2682.629
665.595
1292.238
241.319
2840.91
4487.803
3217.591
4706.305
2743.453
1835.727
2633.532
1359.631
522.818
671.347
633.838
4690.662
4045.83
950.054
2206.969
3316.852
1763.282
1495.12
4338.193
1174.919
3239.156
4816.438
4484.438
3824.84
1208.229
2712.176
4120.034
3960.391
4006.837
4335.152
3276.716
2103.23
124.511
4258.917
671.008
3535.327
220.883
3702.143
1556.618
3466.938
1733.353
890.767
949.707
566.907
17.201
727.692
2225.707
4613.138
28.556
64.326
4384.477
2526.927
962.904
4859.986
1411.272
363.828
601.38
754.625
1106.337
2577.541
4025.829
1199.199
193.146
1695.23
2164.737
539.178
1651.099
4373.122
4899.206
4444.904
3371.235
3681.69
1542.713
1700.972
3845.911
4393.812
238.455
1067.855
1169.899
3447.724
3316.807
3742.659
3265.868
3182.008
3212.898
1456.895
1119.036
458.827
387.696
3791.331
1348.574
4440.263
4556.432
2283.001
164.745
3389.736
4680.228
1119.356
2239.566
1097.185
198.025
2430.17
2025.236
775.148
235.949
4361.099
2942.866
306.795
1.115
1735.445
1713.529
4497.636
3213.267
343.793
4233.342
1494.59
2255.296
4854.759
4082.6
4336.21
851.639
2266.725
3439.252
250.753
538.901
4311.382
3684.559
4445.001
2126.109
2834.012
3915.957
327.696
3094.123
4500.936
2975.521
4240.063
409.433
281.899
621.61
4420.556
4712.939
4072.9
2218.58
3755.295
4591.741
1550.899
3916.732
4865.408
437.365
1207.807
2551.891
1068.121
594.845
4853.802
3861.58
4551.992
2660.753
3551.074
4989.779
968.288
4918.864
1708.995
644.843
905.832
3495.227
2252.631
2072.9
2890.939
4712.69
4120.509
683.777
2296.182
3788.732
4535.475
136.911
4841.309
2213.141
2684.365
4273.217
140.463
4241.612
1299.435
3862.02
660.042
2944.706
3228.04
4897.679
2142.558
3852.848
17.737
3284.073
2568.697
4859.32
2665.321
1306.433
3286.527
2105.327
1349.825
2906.767
2468.747
3884.45
4432.053
2053.21
1251.928
4229.924
865.751
1027.033
3358.855
2512.963
3817.633
184.085
1538.203
4544.209
1675.153
2706.106
44.725
4630.208
2930.112
1403.352
881.233
477.865
140.682
3114.248
340.005
158.294
3376.871
2519.724
3770.184
4233.025
2371.552
2920.467
64.535
467.331
1609.504
2425.099
811.259
877.147
427.437
1212.569
4920.731
4973.089
1504.403
3586.807
4644.721
4517.422
4397.265
45.756
1956.211
3436.991
4684.757
1353.183
4879.218
435.763
3956.655
3396.368
4134.251
371.214
4349.283
3394.159
2586.366
898.4
211.58
4615.797
4779.403
3441.055
2753.013
4393.102
3017.932
985.737
1181.69
2459.537
45.341
2148.649
3786.118
4897.905
191.235
2510.449
2622.92
4069.443
3522.237
3202.451
1252.21
1984.406
1540.076
1326.726
2504.347
17.193
727.604
1183.96
2757.467
2010.565
2553.845
3590.397
2850.756
2704.42
3371.67
4060.336
2025.508
2509.47
3870.657
1706.28
4846.13
646.234
735.259
1742.987
917.502
56.587
4348.498
3675.561
237.994
2319.479
3461.864
1395.569
4630.64
2034.544
2863.284
4734.862
1304.037
3680.088
1915.251
4881.668
696.601
840.551
3240.244
3284.972
1384.703
3806.1
2499.024
690.764
3904.511
3829.769
2950.542
4762.157
1916.577
717.344
4442.106
4397.485
1076.54
953.385
1040.704
4234.148
2204.169
4470.495
1713.428
2578.667
4061.631
3875.661
968.112
2025.124
1034.742
4206.886
4841.518
1880.035
1491.386
2058.174
1962.547
2626.742
2621.459
1082.581
1021.943
2952.628
953.551
4472.85
2999.009
412.006
3336.871
160.254
3664.752
822.761
4134.262
3294.469
3833.292
2732.777
822.578
600.861
3863.298
761.026
3982.46
2810.493
2561.547
4552.016
3011.876
4877.716
2901.722
2799.346
2918.239
4394.419
3390.346
1746.227
3716.657
1604.575
368.231
2460.041
1138.357
2451.18
940.985
3322.313
406.768
1710.694
4118.524
743.191
1489.313
3771.298
1009.364
1269.529
4014.944
573.398
4654.668
2064.888
820.575
731.218
1336.012
2947.238
640.681
3393.599
4088.108
144.868
468.008
3379.842
4471.056
1761.851
1033.692
3368.068
2622.868
126.335
4970.362
2640.388
492.841
3448.89
1918.421
66.796
336.858
2108.427
1464.891
2045.09
1724.244
2102.153
2264.86
2569.614
71.477
1894.748
2360.323
1268.232
4675.641
124.582
3681.121
3380.034
1480.617
4437.559
4663.623
3522.809
4821.403
2578.564
77.094
1021.731
3752.265
1074.841
4423.659
2046.485
1977.749
2888.911
4073.331
3970.696
3198.692
575.094
942.212
2280.718
4794.604
1243.422
4402.273
4343.95
1709.684
44.905
4344.953
3241.861
2918.815
1434.678
3870.975
4525.046
3399.692
2813.639
4123.005
4944.94
3969.015
1989.662
3987.724
2129.833
1034.104
1632.084
3567.12
3968.448
3866.32
1170.038
4006.838
1968.043
1989.456
3685.268
789.957
2170.182
1768.874
829.916
2857.82
3984.781
3643.638
2704.604
1912.546
2320.647
125.058
1649.564
721.828
2284.905
3546.508
1892.093
1575.027
1298.577
2749.633
2334.267
2509.267
4398.758
616.07
3169.185
4151.329
68.29
2101.89
4184.092
3249.725
99.152
1342.076
3996.137
4727.141
4886.344
3693.307
4944.02
2459.666
4285.727
603.64
3226.211
4017.626
2788.418
4886.897
4589.19
334.418
2857.207
4932.02
4638.333
3713.746
330.144
2795.587
2764.331
330.603
1209.983
1463.204
4364.557
536.633
1899.255
3447.76
914.927
404.806
4418.52
3899.965
2368.118
3088.288
4741.452
4590.104
4701.457
859.861
3812.324
3770.918
4333.842
4322.532
842.518
1362.588
1916.831
2425.775
2752.771
924.465
3957.989
3038.984
4834.96
2189.915
1460.746
4899.693
4642.34
876.061
2524.663
643.467
2473.989
3283.84
707.406
4792.587
380.032
1187.325
3001.993
2588.532
746.535
319.927
4170.505
4153.535
3802.666
190.726
4136.52
4936.296
4732.866
1375.12
4434.923
2842.208
764.532
1937.408
670.807
4703.505
516.523
4088.323
3956.994
696.421
2088.831
306.501
4669.351
1696.824
1350.046
383.784
2102.704
2327.562
3417.718
2203.704
1394.367
914.66
3789.851
4559.705
2748.944
4838.263
396.674
2872.754
3393.409
3834.862
2669.298
341.484
2878.341
1403.417
1850.722
4731.795
4449.448
1770.174
3296.482
772.535
146.293
2240.159
1823.956
1855.72
579.338
2646.653
2070.397
3541.139
881.075
596.968
3651.445
2272.966
1119.148
4503.064
3272.781
2633.749
2578.009
3130.028
1746.989
4277.441
4246.718
1470.98
1685.128
2720.396
1606.987
696.327
4993.93
560.094
3231.376
1164.697
3515.742
2971.232
2050.885
694.06
518.767
3762.077
2979.552
634.492
117.381
4396.3
330.555
2477.873
4067.007
2279.756
104.389
1020.109
4072.61
3841.004
3998.845
3122.001
2780.406
800.772
261.053
1124.162
3633.872
2029.25
437.108
4277.417
1151.101
840.14
696.154
2607.312
370.534
1601.946
49.58
1455.413
1573.49
1357.917
379.238
711.196
4541.574
4275.713
4822.356
3706.802
1433.111
2622.465
269.113
3467.86
3838.887
584.748
4372.02
3556.972
2116.682
261.031
2335.415
740.09
998.504
1553.41
2175.695
4744.097
4519.297
258.104
4625.947
1718.343
624.649
2739.641
4827.546
4654.59
253.468
2175.443
1557.817
1218.106
2081.971
3573.414
2423.934
1978.603
1812.47
3736.918
304.096
4654.913
4486.073
2896.223
1893.942
1415.324
3267.689
1901.398
4086.006
3123.419
2804.128
4602.401
891.634
2722.651
1056.642
1045.646
907.491
4473.122
256.56
1133.533
1969.171
2127.764
2398.467
4892.893
601.773
187.367
269.295
1560.402
938.69
1162.582
2396.716
3535.971
4259.203
738.709
3621.185
3890.644
2410.332
2631.239
1601.884
4243.295
2830.606
2137.6
2016.784
24.828
1365.549
2264.745
2256.699
2148.288
4508.264
4254.049
4363.291
3723.714
4472.773
3851.131
2581.889
3751.542
36.595
3794.556
3750.125
2728.461
2815.425
4999.632
4817.231
531.878
4412.627
1664.16
3720.159
2748.977
2550.207
537.091
4894.912
4543.089
3173.123
2253.69
3191.545
1981.215
248.45
4554.684
1964.306
3107.964
3008.74
2526.731
2195.912
1790.973
4556.609
4372.978
700.657
3411.539
2994.552
2997.194
6.776
150.795
3266.079
1256.951
4548.456
1111.712
1647.631
1140.618
577.025
1718.607
1007.804
1559.864
2645.657
4896.901
4201.685
4560.874
3511.665
2560.458
609.89
4448.386
2504.215
1590.688
2002.204
119.486
2502.381
1468.925
2708.217
4201.672
1023.583
423.378
2876.021
4832.448
2799.042
3947.822
1921.241
4471.787
1268.387
1750.866
4254.145
3055.684
203.721
4084.933
4167.856
3692.117
1995.829
4205.35
1442.248
4766.365
733.971
2087.781
757.686
1750.87
1057.57
1416.499
3967.79
624.363
4936.593
3177.548
731.139
4479.064
2223.638
475.347
3726.166
450.472
2892.822
2526.514
1791.118
2016.374
1825.84
1364.875
4906.295
3482.792
1812.947
2944.695
875.853
2038.071
1362.406
3686.425
1628.715
141.19
1940.02
4800.478
4754.091
886.28
2463.233
747.772
3975.351
3786.546
1135.075
3605.569
2914.406
4578.055
4446.401
4174.31
575.031
1766.209
642.52
1334.004
2595.26
3627.786
4758.82
1999.167
4357.746
3449.505
3434.346
4181.875
1127.485
1830.903
1501.068
2805.835
4614.691
2734.071
1433.062
4961.995
4864.856
4700.582
3977.456
3478.981
2974.64
1964.795
3235.495
411.547
212.338
1336.596
3763.079
788.307
281.878
149.022
2494.295
3655.138
3592.94
4436.214
1865.579
459.554
4521.962
4461.239
4383.925
988.752
3932.902
781.193
4724.167
122.584
3528.917
737.091
3163.859
4410.666
400.076
2674.753
1804.472
3655.586
4336.15
3498.647
2634.129
3832.697
3783.266
3826.088
753.018
3236.878
1703.65
4912.607
2202.17
3312.277
105.861
3586.049
53.29
2015.223
2167.904
3529.208
4907.274
1470.04
105.566
3271.202
4399.084
3553.309
3369.222
4424.683
4346.765
4226.977
4716.429
2769.941
3093.684
3139.066
3913.778
1700.469
2718.839
1146.25
1997.503
245.103
3787.658
1869.088
3311.273
85.451
4351.354
4942.141
666.638
2844.335
162.591
1553.172
4119.953
1259.585
4870.547
3625.305
4171.83
1556.135
4230.209
3066.16
1859.668
2203.761
583.172
2278.684
333.556
4609.023
4323.045
3329.654
3658.942
3493.287
1697.593
2494.866
2017.78
3228.302
19.464
1874.976
355.269
3350.286
2422.32
4129.884
364.819
3539.217
3111.959
1900.47
3688.596
2089.696
1924.959
3343.112
3787.568
4976.591
1406.519
2745.147
2120.318
3347.848
491.829
2270.021
1139.647
4572.279
1300.074
2313.901
121.929
2780.138
754.77
4348.159
2194.162
3241.826
3171.006
3084.001
1013.37
740.731
1361.49
4028.805
2877.186
330.88
3274.095
3670.4
3136.474
1279.995
3932.287
953.38
2929.859
292.98
4298.143
4835.117
3637.273
4357.492
4293.923
1917.456
3164.885
2549.287
3640.515
926.46
2137.061
4984.964
268.646
3964.215
3338.673
3003.734
720.412
3818.895
1700.22
1829.018
936.543
2914.948
1543.714
2444.038
2930.367
4586.886
924.849
476.412
292.036
720.296
4262.502
3882.865
1114.529
460.703
2622.947
468.478
1146.965
3987.828
1873.307
3272.302
4906.487
3443.886
4368.915
4949.026
1876.161
471.541
4677.507
1336.454
2310.739
1051.374
612.201
409.049
810.984
248.805
3262.039
3929.108
4624.988
2288.854
214.008
4136.234
1596.858
2884.053
4396.889
3748.773
4930.137
4254.469
2014.996
907.271
1108.589
4163.14
2729.176
3222.824
1131.604
1541.261
350.675
1900.251
1588.04
52.286
579.013
3732.747
793.733
866.339
4016.286
4060.778
2368.461
4114.896
301.123
2336.458
1181.444
1701.445
3769.819
2119.988
946.386
4911.139
3314.016
402.142
506.094
2264.648
259.377
3354.061
3651.568
1539.465
4267.712
1722.609
2330.09
71.827
4932.644
3060.075
4774.462
4440.193
2976.778
2105.578
543.05
4988.436
4319.923
1830.44
4881.275
891.423
245.762
2276.896
3973.103
4054.283
4148.698
429.229
3930.642
3460.97
4659.48
2816.056
1378.047
1949.281
3177.924
3009.12
4858.174
1082.181
718.163
4490.079
1872.535
1877.051
2188.215
449.284
2484.806
2201.425
3931.62
3468.931
2531.977
665.024
1916.605
2363.426
494.42
3186.159
1399.355
2725.517
3855.809
3757.766
174.708
3723.306
2821.53
3189.966
3267.731
204.872
633.817
745.006
4394.264
4804.604
4198.814
4006.227
4810.349
1300.947
1148.369
4135.257
4277.854
2817.372
1395.036
2096.668
4158.202
4305.774
4648.376
748.042
4611.021
398.156
3179.947
996.945
1270.436
95.608
3748.52
1224.163
2692.273
4194.418
2648.085
314.842
1473.794
4380.623
1831.883
4359.564
3322.878
2871.373
2349.089
4411.079
280.539
1274.571
4855.117
4573.145
3950.689
2072.25
4586.262
529.313
3216.654
3082.324
2798.643
82.132
3927.614
1470.074
1090.815
2624.61
4382.946
3033.086
2982.711
2992.125
232.217
3679.978
2042.771
1228.957
2401.623
1447.784
2933.439
1274.778
3779.524
3199.527
3991.433
3387.696
1332.703
4308.653
296.18
1953.803
736.174
1126.291
841.068
783.025
4471.864
4193.446
4235.012
2451.015
3270.27
1555.662
1377.917
4248.768
3801.073
3295.968
4723.329
399.534
1610.158
4277.147
1039.156
1191.496
4363.283
3176.111
1376.38
1973.839
3103.618
3310.561
933.649
2268.478
4122.488
451.57
1073.739
95.142
2755.005
1456.058
1550.395
965.638
3289.908
3510.761
3534.72
1836.411
1931.851
1121.298
521.458
3181.827
1737.804
853.775
1313.766
2148.543
1498.601
2561.077
2168.849
2417.105
7.339
989.818
1276.883
4566.441
2112.612
2326.938
4228.19
3242.404
857.599
250.457
1466.134
1951.321
1619.86
2765.841
4561.766
318.073
3066.207
3147.965
2690.609
2202.717
224.28
2395.703
4724.257
3369.127
2620.692
1706.308
134.976
2633.565
2122.199
3120.28
3657.202
1553.632
840.809
2615.448
3029.604
427.063
115.806
3377.801
2652.754
3484.517
1062.679
2979.795
4117.713
3602.345
3689.986
4501.498
3678.923
499.549
203.986
2414.404
3540.627
3485.246
4923.231
3534.18
2412.611
2318.994
4615.929
1368.716
561.621
601.788
651.23
2726.602
4325.736
2958.556
4676.714
1679.288
4085.964
4034.31
932.857
4527.402
1356.526
4080.144
2112.433
1104.397
4538.223
2445.514
3602.137
3097.622
332.592
1357.031
1095.158
386.689
1847.553
2972.224
2440.705
2213.047
4055.213
3343.763
10.34
2730.701
2801.165
2591.966
4283.257
3462.638
2896.368
1706.519
4294.195
3703.091
1723.487
3976.398
1172.731
3339.452
1539.85
1867.642
1120.602
289.784
4049.493
4997.298
2324.32
4503.771
3483.437
3164.142
4734.267
3691.938
3928.224
1092.392
370.83
71.689
2463.891
978.773
655.045
845.921
3511.207
3925.217
681.847
3203.863
3845.764
2251.054
1240.636
555.752
2394.019
2741.341
3219.331
1529.382
3717.384
183.231
101.412
4553.003
1619.232
487.547
4569.598
53.473
392.957
1271.213
3606.805
1148.974
4596.462
774.924
1475.776
585.801
1817.458
911.999
4925.4
2451.76
471.941
1587.743
2527.247
2577.981
1528.862
579.358
4397.589
855.267
4215.74
141.596
4911.903
3869.556
3941.147
3977.359
3262.063
3067.694
2266.458
2920.267
4961.774
606.533
1828.662
3514.984
3682.178
928.726
2545.749
3799.968
4496.094
965.744
1841.772
1509.537
4676.029
797.968
4521.679
64.206
2873.368
4510.429
4897.181
3293.382
4042.075
3061.109
1771.61
3171.677
1364.568
3071.914
4949.079
3935.564
3752.594
4578.673
25.204
1834.207
174.115
129.24
2438.404
4289.766
2257.217
4908.414
718.825
4674.565
1283.072
918.014
3269.176
2535.399
1769.535
4723.66
1972.942
2424.079
2581.163
2473.69
4296.302
53.013
3682.146
2047.823
3631.768
61.891
1500.591
2549.934
3390.237
1229.899
2952.13
4173.145
9.375
3924.108
1011.964
3525.842
237.608
2300.958
3348.488
884.452
2089.209
4290.546
3969.96
2358.525
4357.338
91.477
1657.272
845.143
2907.677
336.178
167.19
4592.489
2330.312
3870.908
219.981
1823.282
2269.926
4455.904
4865.441
977.716
3312.807
1606.037
3866.516
431.455
239.055
567.831
472.756
889.044
4166.277
3834.986
2759.258
4092.85
2721.4
4634.533
136.985
992.301
1662.8
2317.857
4138.076
4579.358
3422.509
1970.758
1783.773
1443.385
2830.719
1560.756
1901.3
4323.509
2720.247
2271.299
4102.144
4497.545
659.223
384.704
3183.738
2252.365
4597.321
2682.578
1375.237
640.135
1375.324
3008.944
3214.503
592.836
1277.353
4426.929
267.775
368.382
1922.279
3781.005
2336.11
3152.464
1974.109
4979.032
3706.635
2068.131
1558.053
3964.785
3156.085
2533.666
782.428
3640.73
642.49
1673.473
4357.693
2817.345
1615.541
4044.897
3679.702
1107.344
3122.996
593.428
2171.136
2752.186
1645.213
1006.576
1563.438
2574.966
2919.184
2889.273
415.627
2986.006
2984.595
3753.315
4221.112
1290.812
1149.694
4099.784
3252.496
2523.565
4712.445
4915.633
1515.493
28.479
2091.52
1702.643
4372.43
4337.868
4647.402
246.338
1374.285
3803.309
2254.856
3023.392
3927.352
796.684
2998.272
3469.853
3293.231
10.669
693.347
2474.401
2530.79
3810.918
2100.509
2451.164
1282.558
1185.843
4795.982
2265.007
178.048
2077.959
3273.541
1992.557
4145.51
1179.147
3039.19
932.55
4327.373
3185.975
4200.693
2392.313
3455.645
2356.735
1742.021
4739.382
4469.374
2781.056
4480.192
3009.16
122.196
633.865
4969.828
155.55
4121.89
2125.068
1849.781
801.158
3466.985
2800.818
4661.154
626.971
4641.299
2154.211
2656.139
3810.7
1520.351
4766.854
1870.284
1360.823
521.747
3584.146
1132.595
2820.505
3768.178
987.085
4933.448
1058.576
2751.512
1086.276
2943.999
2111.602
1927.294
4630.63
4599.355
2442.555
1491.692
3088.334
3042.287
3976.266
1840.462
2339.286
3919.229
3986.157
4174.308
210.417
1098.687
2830.519
4651.929
1032.633
4385.109
1416.344
285.656
4447.359
557.72
4979.647
4203.249
119.05
4046.995
4514.584
2293.621
4476.508
2298.385
2601.641
1713.509
3659.41
1189.164
2321.887
1048.827
2777.631
3419.09
2977.952
1156.039
4492.845
261.826
4729.123
3093.891
2555.545
3577.683
503.058
3273.325
90.16
4396.103
3289.139
2669.72
2903.398
670.97
4456.18
1986.95
3883.998
3170.588
435.514
1695.451
4537.809
943.36
3640.6
497.981
728.762
2403.839
4927.657
4086.916
2714.283
2525.208
1562.049
4999.267
435.22
4582.003
3983.91
1690.714
4261.408
4359.429
4290.266
3149.905
4112.003
4758.936
4250.529
4414.151
895.669
377.158
3612.785
2863.508
3202.784
1130.582
1434.177
4628.185
3595.435
2497.447
1075.353
2605.089
99.191
2131.945
618.535
870.164
2352.811
2159.979
2949.463
1748.472
3891.535
630.2
2410.697
257.485
2569.481
2177.159
3737.906
515.927
1283.949
1635.555
658.346
960.176
468.092
3443.11
4552.839
1303.42
2962.954
2471.618
732.037
4601.262
2771.186
3438.31
499.633
4312.106
4878.378
992.584
3932.906
244.246
4718.506
569.725
4026.523
3525.269
4788.357
27.135
464.628
623.445
986.341
3152.951
4300.934
5.336
384.123
831.528
1824.84
3969.045
4068.86
4072.166
787.984
596.054
1414.206
3264.726
4279.927
6.389
1685.521
1720.984
1902.651
497.453
249.05
4816.107
2051.895
2451.174
964.527
1899.378
4808.906
4285.429
1244.198
1740.847
4451.563
3184.22
2032.988
3233.276
2592.642
4467.939
3107.848
1295.739
3466.532
75.723
355.93
1322.857
1757.096
4798.57
3571.908
2576.997
2531.402
143.393
1195.521
3949.117
841.479
712.826
635.631
3843.163
3542.374
473.118
357.259
2916.08
2901.842
3352.042
4506.277
640.673
3744.99
4948.928
4679.005
174.386
2069.451
2706.897
1543.857
2930.304
1858.212
599.081
3589.397
1661.362
4665.792
4071.795
2032.186
4262.383
1904.662
248.303
3197.857
2862.48
2719.457
1503.137
4027.113
4271.306
3901.694
1434.375
1081.964
122.381
257.063
3341.211
2517.38
1969.945
220.814
774.152
4418.537
3646.337
2635.256
1807.493
1350.319
4528.725
3184.128
3767.962
2828.829
3688.063
956.534
1128.8
4666.828
2687.668
2354.955
1808.52
4880.832
2205.944
4977.146
3766.435
3137.401
3647.974
1507.93
265.867
3222.807
1061.196
3742.956
3113.761
3673.48
1452.333
4179.47
1979.304
972.422
1843.11
2075.995
2280.673
3129.657
419.759
1070.077
2146.041
4292.501
1737.633
235.645
4963.248
2705.247
751.616
2076.342
3049.953
4056.182
1963.197
3695.827
1525.99
3389.226
2593.422
268.822
2844.72
3160.261
1800.632
2786.235
2481.941
1725.377
749.442
740.376
2709.56
1410.294
4195.956
2320.239
3737.516
1258.215
4488.931
2811.173
1919.14
2733.179
3535.408
3039.902
4717.482
3005.929
3909.23
2969.245
515.545
2290.092
3716.457
1602.2
4202.268
1314.162
2891.107
488.734
2278.511
914.881
2474.579
533.896
3348.32
2668.739
4719.058
719.508
2209.961
3162.261
4182.882
2719.224
2701.196
1157.295
2247.573
1949.37
35.204
1356.125
528.732
3052.227
4343.217
3184.268
3927.5
3931.672
1116.464
4761.635
702.955
3327.23
1228.421
560.235
1969.65
3561.168
1487.688
432.97
140.573
1885.142
1350.658
1005.441
4323.991
2195.112
206.418
4510.334
4540.432
2814.809
563.506
587.985
196.579
4608.194
924.229
4429.116
4261.631
3444.187
1844.46
3054.921
3688.017
105.793
1708.605
3247.679
2050.501
2165.024
2328.627
2271.778
3366.736
1334.618
218.137
621.71
2210.364
1240.053
1979.512
2748.196
221.574
406.943
901.887
3003.578
4481.366
2255.644
1615.348
2200.884
2121.008
3251.546
745.69
30.356
2733.843
2857.353
1746.817
1636.138
4232.794
2014.785
3660.515
4263.537
1566.711
3655.751
4079.626
4716.077
2240.609
2392.943
820.642
3624.73
3087.088
42.332
1102.916
218.292
3401.527
3080.383
4286.502
1062.013
652.333
2217.722
3798.941
3992.545
4380.49
4848.11
1476.066
1865.676
3289.182
484.943
893.755
1183.772
3255.6
3395.519
1505.756
1043.761
4851.198
222.802
214.875
3607.002
4290.611
2205.566
2509.224
4140.217
810.21
1785.384
4069.542
3003.681
1923.241
1493.424
1453.811
2684.309
3810.862
427.532
269.413
3485.853
1214.853
1635.839
185.662
751.624
3406.211
1914.42
3010.106
711.364
1142.868
1749.674
4768.813
4834.0
2481.639
3167.145
1249.858
3041.488
2640.914
4200.152
1332.603
3085.799
2129.301
2949.194
2059.509
3019.829
354.982
3530.546
891.807
1421.968
4200.927
2586.114
2097.706
2738.779
860.591
1278.569
3235.155
3339.819
2813.324
3435.772
1118.418
1693.239
2487.446
4035.573
3342.525
4640.838
2554.016
4734.396
1622.388
4167.933
641.344
1265.607
848.192
3413.129
4664.491
1182.942
122.88
3005.943
3946.655
1243.119
774.078
3256.924
2033.592
3548.375
1474.065
1194.92
2933.119
2155.95
4334.967
1504.667
4181.098
3011.141
3616.853
3591.946
1981.178
3281.766
2112.557
2745.937
3441.025
4564.644
4536.587
3675.871
3936.085
3351.721
103.042
1679.347
2451.001
397.646
1149.314
1470.418
30.157
2367.013
263.124
3519.739
3244.61
3932.543
3204.699
1030.646
3761.333
3318.674
852.08
2941.109
2941.383
3204.569
3545.177
956.543
4970.605
656.083
4394.593
4272.815
1525.674
1096.471
4324.288
381.275
3335.663
155.477
2773.567
1999.59
3870.81
1330.03
566.817
2267.248
313.744
3863.436
4191.341
2363.072
3495.257
1022.679
1362.022
1781.063
4238.458
2007.403
2225.349
1267.425
1375.574
1021.577
2014.773
916.884
4535.01
2560.113
4950.103
2695.712
1320.662
3668.121
737.32
1978.386
2845.436
466.044
4969.457
383.982
3858.604
235.135
4238.152
4196.259
1032.757
393.231
4626.502
742.179
1611.636
551.785
3795.271
173.703
968.747
3690.796
409.844
3963.92
4983.682
1342.012
2604.397
2660.44
4867.687
1003.951
1073.823
2231.306
1418.073
1799.904
2547.925
3857.038
2413.558
3653.16
1410.656
2178.923
4937.604
2985.125
3167.755
734.834
4079.938
1235.957
2642.1
2554.835
1258.642
4987.651
1937.331
3952.241
1122.513
1317.54
4103.049
2524.121
1792.356
913.409
2553.753
1244.231
2175.008
4967.899
1862.76
3791.105
1782.337
2670.533
602.845
1880.838
4571.129
2072.312
3834.53
2741.085
2526.521
3585.357
2837.186
1979.47
385.463
1601.843
2697.447
273.441
3676.962
4869.141
2196.262
2849.684
1327.307
3356.62
4063.982
4556.586
602.188
2558.817
4076.728
4347.394
484.533
1223.64
640.933
1187.145
4432.531
3114.15
3109.144
3041.173
3117.862
4135.497
3644.067
1962.293
3616.271
203.665
792.691
2545.864
3953.468
1386.165
3428.911
2103.013
2155.811
1710.448
2331.214
3097.846
513.183
2299.547
2066.079
4812.567
2383.131
4341.18
1072.732
2737.78
4791.283
2172.556
3999.212
2149.734
1116.631
38.285
3460.955
265.555
289.747
4370.303
104.372
2991.385
3869.344
1424.175
3516.004
2059.219
4514.278
3574.891
4536.274
1779.883
574.147
2796.63
2668.252
1567.354
829.742
580.183
4207.413
1127.928
1336.449
3602.15
2163.56
4644.198
2676.602
964.918
4608.176
1660.155
998.242
666.629
4643.081
3239.722
1794.593
601.664
4975.176
1822.876
4885.55
1810.839
533.53
1635.344
4891.604
2926.737
3788.069
3402.302
622.805
3968.106
4442.417
253.928
2996.692
2925.082
4202.634
946.599
4690.109
185.939
4315.571
819.72
2479.132
3245.083
2379.466
4416.054
1331.662
3255.055
1808.22
1860.32
2851.507
64.277
4678.177
292.613
4606.639
4302.304
1445.815
741.157
116.545
4119.118
570.586
1183.971
427.379
2431.194
3856.876
3995.511
2449.182
2024.031
4534.202
257.88
1773.445
4755.437
1745.673
4186.491
110.37
2946.924
1285.377
295.238
2796.277
409.384
1651.893
4477.133
1882.118
2247.896
1436.506
2267.081
911.068
1713.754
847.906
930.312
487.717
1238.119
1487.094
1541.427
888.068
3250.692
1859.703
2093.119
728.826
1353.921
263.102
2927.931
937.514
4961.542
3033.914
3302.37
1784.951
4850.733
4542.179
792.293
504.534
2283.104
969.087
459.663
4448.156
2556.861
2466.921
3698.34
4429.475
3355.599
1952.507
1820.635
254.86
3642.185
4063.163
1923.65
1921.837
2810.462
1938.431
1357.588
1445.684
2700.131
1804.853
2888.765
719.872
1759.084
1462.873
188.773
1058.347
1922.312
3509.034
650.529
2459.796
3020.505
2889.045
670.166
2105.832
4811.434
1550.653
1889.324
2584.061
3238.622
2022.649
3075.714
1560.912
4228.935
4878.656
4264.542
3734.614
1910.603
2799.364
3812.168
860.967
1774.563
267.329
2734.097
3535.944
1259.082
3903.64
3403.365
3125.282
1338.362
1433.128
151.997
563.626
1943.78
4500.559
4185.171
366.765
3124.248
231.941
4046.129
2536.509
1360.733
3849.605
4381.27
4262.941
3556.443
2458.731
4857.787
4136.084
3876.731
4420.654
1216.33
4729.438
3730.033
4216.039
2159.031
947.189
3031.977
190.824
538.261
1494.495
2866.38
2508.728
2842.334
505.922
2035.537
343.616
3750.35
2570.089
3407.905
3225.049
2275.605
2035.064
3310.368
4245.313
2539.475
4979.131
2191.846
3846.305
754.278
4211.436
2091.705
1130.079
2735.936
4882.429
1289.963
2120.821
4046.87
4259.935
2003.153
1754.522
4519.438
3577.549
2828.583
62.135
3656.593
3713.657
976.717
1837.536
1931.664
2191.63
2035.046
943.962
1993.568
261.16
4380.948
4731.106
3211.767
2639.492
1797.531
633.882
2493.422
3117.044
2752.898
2303.037
511.791
4888.298
1166.495
1293.144
141.296
3724.946
3459.346
1203.298
4444.276
2182.314
3523.06
1441.393
2933.179
4990.399
757.624
4018.605
4740.899
2594.593
2870.224
2467.559
4854.229
2823.94
3197.45
4253.614
4107.014
4144.002
1397.181
3450.278
4596.503
1882.07
860.356
2181.388
4105.182
2519.049
3012.871
3952.222
2470.784
2421.089
2377.535
149.233
1366.269
2336.19
3146.056
1614.853
1118.711
323.361
2000.772
1457.846
1031.293
415.363
4315.358
4753.142
4911.934
609.395
200.491
4715.893
2260.956
2513.367
2215.608
1359.834
2193.024
2218.099
3041.307
1058.201
2786.655
2086.274
329.901
4873.199
2915.131
1051.738
1601.708
2649.845
2747.223
3190.197
1862.892
2756.644
1179.655
408.881
4952.02
4044.912
651.096
4226.669
439.416
4540.793
193.045
508.895
806.898
4058.609
2708.143
4188.631
1183.622
2240.54
2823.165
3522.249
2933.795
2888.186
2287.371
934.822
1982.404
3803.671
2385.997
4301.824
2837.899
2598.234
2079.346
2266.345
4748.416
1438.099
3075.684
3388.898
136.516
1297.948
2055.732
3018.174
4522.901
1179.995
1226.791
564.397
1163.618
2489.496
4934.714
3108.046
875.423
2064.226
2493.797
178.309
3633.75
4986.645
3883.487
1338.943
3770.495
487.624
1208.41
4231.929
4709.246
3279.779
2325.399
3903.909
2528.037
12.014
3036.183
1927.522
3494.886
775.346
1422.742
3104.637
417.113
2613.165
2531.658
1937.201
3721.301
3607.579
4018.634
1947.675
874.41
12.083
2050.372
4362.161
652.327
4954.363
730.877
1477.229
289.237
3706.263
662.107
2245.098
3770.157
1574.787
4692.344
4733.483
40.821
2826.006
4958.873
1044.957
1565.178
1856.102
396.866
1313.427
1192.267
1769.938
3354.934
1001.267
1850.539
1405.678
2743.499
4099.064
4496.761
4055.995
649.3
4948.236
4955.81
4415.946
369.965
2714.211
27.905
876.979
670.383
1355.812
1889.208
4435.513
1851.204
4827.713
3703.879
4565.628
2803.212
3040.135
2663.524
188.248
1737.197
3472.212
751.089
4098.976
4722.364
455.051
3013.129
2512.272
1141.154
2380.247
4274.279
1937.064
2563.457
3642.341
4575.587
2780.615
1841.159
4771.985
535.954
2679.034
1388.719
519.54
975.731
2886.805
2324.617
4912.287
831.774
3099.586
2353.011
2708.276
4770.076
1016.874
4645.73
3937.566
1876.165
4730.774
4467.999
4170.794
2345.819
4182.012
2040.47
2632.998
3603.41
3062.079
2315.105
4098.544
4653.051
2867.198
279.049
4625.785
3103.851
1099.751
1004.374
4456.484
2662.707
4471.888
2558.669
2556.412
4353.854
293.734
2156.9
2691.519
65.856
225.409
3972.931
271.451
785.982
38.593
1086.326
4785.056
781.408
3984.903
4724.517
214.565
1289.713
522.001
2655.452
1698.396
1887.152
991.652
3282.383
1800.126
2065.903
3271.425
3379.382
3509.625
2861.133
4249.695
2429.689
2595.311
2758.959
2489.191
2003.497
607.094
787.811
1285.463
2625.843
1738.62
4490.789
157.378
3861.66
2934.951
1764.687
4982.803
1377.405
4768.258
3787.102
1848.018
2234.562
3911.387
4146.105
2090.266
3038.149
1498.096
1135.907
4727.579
2173.574
2856.672
2800.062
1721.968
4764.27
849.794
1234.649
3802.129
3631.247
2250.409
3449.034
3082.869
4579.023
33.792
4760.107
1202.697
2816.418
609.155
2896.946
3552.457
4218.991
4267.702
1146.1
4266.632
1379.651
3731.262
2554.534
4169.966
4112.503
2820.165
2537.871
1408.084
4487.41
4052.429
4223.419
1655.799
653.915
3315.672
2979.501
1148.196
2209.191
2967.467
3423.347
577.696
3126.963
805.468
918.676
2015.912
3769.939
1561.694
346.911
421.703
2540.4
3391.247
5.882
3499.711
937.185
2322.006
445.543
4142.957
280.929
1589.98
2278.909
25.547
4133.463
2728.64
3542.97
3394.204
4561.217
4214.603
2127.209
1634.342
206.578
448.723
1322.9
496.648
3478.93
756.656
1451.855
1289.088
1073.574
3451.737
2461.023
1728.602
1058.658
4290.629
4956.649
4287.43
4324.292
2460.443
1851.932
4990.347
3882.733
692.457
3986.929
3480.477
3013.796
4315.498
1120.859
1236.405
1041.89
1659.652
1776.109
3518.31
1629.612
4894.778
531.149
3268.351
2712.214
1965.403
604.45
722.91
4635.327
767.099
1766.967
4018.69
3246.076
3200.953
2958.399
4350.78
3019.468
1205.798
2394.705
2446.181
2498.968
874.499
145.891
582.475
4601.499
1630.551
507.937
3894.485
655.098
2432.753
159.056
3055.304
3237.761
4276.847
3670.727
4583.221
2543.144
4794.551
3983.707
362.568
3985.117
4821.799
3163.73
1986.737
4419.181
4786.806
111.161
715.75
4061.473
2986.553
3288.167
4574.96
3410.067
4524.166
2982.27
3505.783
2759.938
3940.459
121.104
4020.635
4104.721
140.155
1333.701
3152.808
4736.563
4231.607
1597.033
201.257
2814.185
2524.613
4517.083
1384.369
4307.361
1526.34
4798.495
1060.329
4700.966
4994.58
4318.048
3706.746
1425.76
1660.521
30.124
1168.405
454.415
155.231
676.064
3608.593
2695.892
2553.175
2677.884
1407.764
3324.345
1483.182
274.787
4517.107
3865.443
2826.487
3287.563
4072.614
932.613
3593.2
37.705
2525.08
3616.595
2513.069
2284.609
1777.679
410.568
1818.282
3605.543
1339.944
1433.056
2715.629
3292.479
2451.104
17.923
3843.031
1427.745
100.825
3706.931
1438.419
4361.944
3396.171
1525.028
1212.179
1831.313
2352.444
2748.974
2190.026
1720.326
3897.058
1850.921
2579.611
1360.932
862.776
2229.229
4292.988
250.063
1720.854
4642.367
997.546
1805.823
2519.895
3760.584
401.813
631.497
3764.091
3682.879
4103.868
925.623
1519.984
1105.874
34.225
718.326
4901.572
4797.272
1116.931
4060.28
3883.868
1605.691
2839.86
812.205
317.348
979.087
1114.455
4180.181
1873.974
2158.571
2452.206
3625.219
1444.215
4500.525
4578.783
572.081
742.633
1446.703
1161.861
2123.471
274.863
4419.114
3692.004
3017.237
4727.925
1744.106
4698.757
2549.21
3787.447
4041.882
1331.959
3940.482
2352.825
3285.438
2580.306
1928.282
2103.683
4696.476
3063.557
358.757
1509.616
1753.509
236.872
1530.385
179.324
4400.045
2737.379
3061.77
762.638
550.05
2353.363
403.082
1683.267
1471.727
4351.274
896.438
1885.128
1639.785
2974.513
2239.866
4491.975
2545.638
2184.677
775.086
3045.628
4765.738
3482.115
944.158
3899.315
3179.978
3633.872
543.071
3328.877
4478.648
4052.758
790.34
893.392
1735.735
4262.84
1843.152
2108.583
1734.985
239.801
875.308
916.963
1240.757
1912.949
2759.555
1140.237
3231.477
2494.527
1547.648
1596.326
2059.075
3926.372
2717.092
2436.928
4054.205
4725.1
556.342
303.398
3313.585
2876.328
1685.426
4505.351
4597.246
3308.305
2312.789
647.59
321.778
1667.245
3488.907
2646.874
2178.902
4067.064
124.86
1804.844
4895.932
2113.627
1419.881
3443.589
1416.128
1391.032
3864.584
1901.835
2313.266
102.81
2577.853
496.384
3268.558
1039.755
3536.306
324.707
4104.546
4942.936
1591.507
2825.748
3129.044
2187.657
2304.29
3245.044
1567.109
2536.635
3524.955
2532.461
806.538
4713.154
4443.091
4963.819
4949.319
2187.535
1907.411
1659.345
377.204
440.423
4149.588
4623.078
4582.771
4990.947
4923.679
4971.202
1064.096
1209.151
2662.38
1420.958
2035.188
3829.755
52.676
4944.566
2385.855
1032.552
22.843
3639.882
4259.438
2257.74
3420.029
347.433
1471.13
4939.828
4864.721
3237.695
3489.002
390.785
4407.925
732.937
3860.035
2351.627
2557.093
2275.074
4799.18
2130.34
1295.022
1934.573
4118.693
2427.34
1465.088
1785.362
3662.588
739.469
4187.157
4811.022
2932.276
3383.502
1136.158
1858.257
2206.147
1289.585
3213.542
4517.165
4404.261
2226.085
3142.004
1373.29
1177.445
3701.455
1099.76
4921.113
2378.006
2687.425
3825.153
2335.226
3643.482
2348.526
3388.949
643.01
4778.43
1732.976
2497.853
1757.71
1513.585
647.326
3601.167
3575.012
1265.166
1754.106
2658.345
564.081
495.411
2694.197
192.868
4965.155
4985.569
195.15
2922.392
4048.618
3408.591
2106.22
221.578
4026.13
1825.009
4925.922
2432.163
4502.524
1750.84
3350.105
3091.328
2229.471
1765.857
4819.271
1741.186
4797.575
1244.68
622.124
664.924
4580.537
2606.614
4093.191
3648.939
790.125
1786.034
1647.905
4966.744
1640.406
4270.245
15.259
1409.665
4711.372
37.973
1292.313
505.028
1677.709
4174.958
4391.306
4213.348
1074.963
2696.039
2563.138
2605.033
732.285
3427.738
556.027
928.639
3713.26
2800.873
1383.749
4549.625
3558.93
1511.647
3486.162
4850.543
3056.328
3418.158
5.07
2874.383
2366.867
1893.61
285.484
3186.026
2234.033
4154.159
3733.112
4073.94
809.285
3020.928
1205.808
2419.333
3055.687
200.777
377.866
735.559
192.246
1257.265
3303.899
1916.175
1529.395
3305.719
4113.484
2684.235
4729.563
869.737
3214.115
3681.504
4743.54
4845.48
1373.25
3873.49
2280.802
4803.535
1635.051
4189.272
4466.889
2144.958
473.871
4435.613
2592.341
1890.962
3983.153
3101.773
643.307
2028.939
1531.654
4199.256
4164.309
3966.106
402.764
2626.963
4932.742
3914.318
2558.501
1727.978
4651.389
1090.799
836.428
258.991
1087.921
1744.411
941.689
4902.157
1242.863
28.278
889.232
3629.991
4984.593
1486.646
2496.868
180.735
4057.823
450.257
4013.724
3520.194
150.484
3.837
464.787
2116.14
3919.003
1404.596
409.149
3292.403
2907.774
4247.771
2464.476
2343.028
443.305
1819.932
4407.66
4406.444
2500.963
2955.155
4400.774
782.192
2491.138
1727.078
83.473
36.964
2313.047
2997.429
4386.921
1127.413
262.476
596.875
953.537
4204.124
3731.78
3238.026
2687.616
1781.916
4570.113
1297.658
3983.674
4178.204
186.848
54.219
4587.56
3173.01
3060.477
4258.437
2317.642
3977.124
445.347
2097.093
1428.018
770.814
1984.018
757.48
2714.742
3117.967
3524.344
3125.488
3185.769
2882.349
2032.968
2185.132
3460.54
611.025
4169.623
1622.924
1096.49
4252.239
4614.961
2619.487
554.065
4448.257
1172.489
580.21
3073.927
447.375
1793.922
117.85
1744.76
2660.331
2896.21
4145.675
1905.981
2319.12
874.666
2997.847
1072.609
4873.738
2105.283
3614.026
1704.673
1101.238
2205.234
3720.46
2179.412
1439.832
3981.796
1869.376
3756.489
191.198
883.728
1740.493
3525.754
4901.278
2346.398
3410.58
4424.474
263.994
1276.515
3449.157
287.302
3212.799
4231.396
2656.116
3857.06
2161.428
3279.828
706.051
4976.889
173.492
4639.096
2535.298
4058.017
1913.906
3541.025
3336.203
192.898
4085.554
1233.302
3725.477
878.111
2818.585
299.729
2098.231
4099.796
4970.291
2568.767
2375.661
2339.305
4013.927
3483.317
4800.422
95.944
4496.522
976.003
4282.449
2367.817
4445.873
3296.758
4329.632
4937.831
4379.219
2928.308
3337.062
4310.765
1158.855
193.102
2792.467
2852.419
4126.334
4480.66
1086.805
33.037
2325.165
3598.74
3688.374
4400.848
2047.729
1716.353
1931.59
1651.286
4380.174
3908.828
3311.636
4420.567
2121.452
640.018
57.246
2234.572
1496.462
1590.967
1693.213
469.067
4882.865
4669.323
3940.656
776.624
860.483
2484.85
1196.929
3081.33
1945.939
4313.561
551.247
320.917
4278.969
1439.087
1028.388
3577.177
4916.817
46.299
539.185
826.188
1288.858
3308.131
3768.896
3860.12
1275.862
4405.603
4077.904
1560.746
713.272
4513.932
4285.463
412.044
3109.834
4443.997
133.118
368.209
2157.253
761.669
3939.826
1046.693
4353.692
4920.466
4666.388
267.882
3550.572
852.326
4647.566
4780.133
2592.787
2176.946
1859.85
4235.066
2732.747
2076.008
2690.959
3669.809
4837.97
1037.004
2444.959
4924.853
2153.606
2195.582
1412.196
249.153
182.756
2849.938
4257.561
2386.401
3685.718
860.687
1654.186
976.105
1970.031
111.257
2229.285
3114.185
3330.194
3225.738
1387.201
3052.248
500.578
3340.517
2075.954
